0,0,0,0,0,0,14
0.25,0,0,0,0,0,13.573
0.75,0,0,0,0,0,12.72
0,0.25,0,0,0,0,13.573
0.25,0.25,0,0,0,0,13.146
0.75,0.25,0,0,0,0,12.293
0,0.75,0,0,0,0,12.72
0.25,0.75,0,0,0,0,12.293
0.75,0.75,0,0,0,0,11.439
0,0,0.25,0,0,0,13.573
0.25,0,0.25,0,0,0,13.146
0.75,0,0.25,0,0,0,12.293
0,0.25,0.25,0,0,0,13.146
0.25,0.25,0.25,0,0,0,12.72
0.75,0.25,0.25,0,0,0,11.866
0,0.75,0.25,0,0,0,12.293
0.25,0.75,0.25,0,0,0,11.866
0.75,0.75,0.25,0,0,0,11.013
0,0,0.75,0,0,0,12.72
0.25,0,0.75,0,0,0,12.293
0.75,0,0.75,0,0,0,11.439
0,0.25,0.75,0,0,0,12.293
0.25,0.25,0.75,0,0,0,11.866
0.75,0.25,0.75,0,0,0,11.013
0,0.75,0.75,0,0,0,11.439
0.25,0.75,0.75,0,0,0,11.013
0.75,0.75,0.75,0,0,0,10.159
0,0,0,0.25,0,0,13.573
0.25,0,0,0.25,0,0,13.146
0.75,0,0,0.25,0,0,12.293
0,0.25,0,0.25,0,0,13.146
0.25,0.25,0,0.25,0,0,12.72
0.75,0.25,0,0.25,0,0,11.866
0,0.75,0,0.25,0,0,12.293
0.25,0.75,0,0.25,0,0,11.866
0.75,0.75,0,0.25,0,0,11.013
0,0,0.25,0.25,0,0,13.146
0.25,0,0.25,0.25,0,0,12.72
0.75,0,0.25,0.25,0,0,11.866
0,0.25,0.25,0.25,0,0,12.72
0.25,0.25,0.25,0.25,0,0,12.293
0.75,0.25,0.25,0.25,0,0,11.439
0,0.75,0.25,0.25,0,0,11.866
0.25,0.75,0.25,0.25,0,0,11.439
0.75,0.75,0.25,0.25,0,0,10.586
0,0,0.75,0.25,0,0,12.293
0.25,0,0.75,0.25,0,0,11.866
0.75,0,0.75,0.25,0,0,11.013
0,0.25,0.75,0.25,0,0,11.866
0.25,0.25,0.75,0.25,0,0,11.439
0.75,0.25,0.75,0.25,0,0,10.586
0,0.75,0.75,0.25,0,0,11.013
0.25,0.75,0.75,0.25,0,0,10.586
0.75,0.75,0.75,0.25,0,0,9.7322
0,0,0,0.75,0,0,12.72
0.25,0,0,0.75,0,0,12.293
0.75,0,0,0.75,0,0,11.439
0,0.25,0,0.75,0,0,12.293
0.25,0.25,0,0.75,0,0,11.866
0.75,0.25,0,0.75,0,0,11.013
0,0.75,0,0.75,0,0,11.439
0.25,0.75,0,0.75,0,0,11.013
0.75,0.75,0,0.75,0,0,10.159
0,0,0.25,0.75,0,0,12.293
0.25,0,0.25,0.75,0,0,11.866
0.75,0,0.25,0.75,0,0,11.013
0,0.25,0.25,0.75,0,0,11.866
0.25,0.25,0.25,0.75,0,0,11.439
0.75,0.25,0.25,0.75,0,0,10.586
0,0.75,0.25,0.75,0,0,11.013
0.25,0.75,0.25,0.75,0,0,10.586
0.75,0.75,0.25,0.75,0,0,9.7322
0,0,0.75,0.75,0,0,11.439
0.25,0,0.75,0.75,0,0,11.013
0.75,0,0.75,0.75,0,0,10.159
0,0.25,0.75,0.75,0,0,11.013
0.25,0.25,0.75,0.75,0,0,10.586
0.75,0.25,0.75,0.75,0,0,9.7322
0,0.75,0.75,0.75,0,0,10.159
0.25,0.75,0.75,0.75,0,0,9.7322
0.75,0.75,0.75,0.75,0,0,8.8787
0,0,0,0,0.25,0,13.573
0.25,0,0,0,0.25,0,13.146
0.75,0,0,0,0.25,0,12.293
0,0.25,0,0,0.25,0,13.146
0.25,0.25,0,0,0.25,0,12.72
0.75,0.25,0,0,0.25,0,11.866
0,0.75,0,0,0.25,0,12.293
0.25,0.75,0,0,0.25,0,11.866
0.75,0.75,0,0,0.25,0,11.013
0,0,0.25,0,0.25,0,13.146
0.25,0,0.25,0,0.25,0,12.72
0.75,0,0.25,0,0.25,0,11.866
0,0.25,0.25,0,0.25,0,12.72
0.25,0.25,0.25,0,0.25,0,12.293
0.75,0.25,0.25,0,0.25,0,11.439
0,0.75,0.25,0,0.25,0,11.866
0.25,0.75,0.25,0,0.25,0,11.439
0.75,0.75,0.25,0,0.25,0,10.586
0,0,0.75,0,0.25,0,12.293
0.25,0,0.75,0,0.25,0,11.866
0.75,0,0.75,0,0.25,0,11.013
0,0.25,0.75,0,0.25,0,11.866
0.25,0.25,0.75,0,0.25,0,11.439
0.75,0.25,0.75,0,0.25,0,10.586
0,0.75,0.75,0,0.25,0,11.013
0.25,0.75,0.75,0,0.25,0,10.586
0.75,0.75,0.75,0,0.25,0,9.7322
0,0,0,0.25,0.25,0,13.146
0.25,0,0,0.25,0.25,0,12.72
0.75,0,0,0.25,0.25,0,11.866
0,0.25,0,0.25,0.25,0,12.72
0.25,0.25,0,0.25,0.25,0,12.293
0.75,0.25,0,0.25,0.25,0,11.439
0,0.75,0,0.25,0.25,0,11.866
0.25,0.75,0,0.25,0.25,0,11.439
0.75,0.75,0,0.25,0.25,0,10.586
0,0,0.25,0.25,0.25,0,12.72
0.25,0,0.25,0.25,0.25,0,12.293
0.75,0,0.25,0.25,0.25,0,11.439
0,0.25,0.25,0.25,0.25,0,12.293
0.25,0.25,0.25,0.25,0.25,0,11.866
0.75,0.25,0.25,0.25,0.25,0,11.013
0,0.75,0.25,0.25,0.25,0,11.439
0.25,0.75,0.25,0.25,0.25,0,11.013
0.75,0.75,0.25,0.25,0.25,0,10.159
0,0,0.75,0.25,0.25,0,11.866
0.25,0,0.75,0.25,0.25,0,11.439
0.75,0,0.75,0.25,0.25,0,10.586
0,0.25,0.75,0.25,0.25,0,11.439
0.25,0.25,0.75,0.25,0.25,0,11.013
0.75,0.25,0.75,0.25,0.25,0,10.159
0,0.75,0.75,0.25,0.25,0,10.586
0.25,0.75,0.75,0.25,0.25,0,10.159
0.75,0.75,0.75,0.25,0.25,0,9.3055
0,0,0,0.75,0.25,0,12.293
0.25,0,0,0.75,0.25,0,11.866
0.75,0,0,0.75,0.25,0,11.013
0,0.25,0,0.75,0.25,0,11.866
0.25,0.25,0,0.75,0.25,0,11.439
0.75,0.25,0,0.75,0.25,0,10.586
0,0.75,0,0.75,0.25,0,11.013
0.25,0.75,0,0.75,0.25,0,10.586
0.75,0.75,0,0.75,0.25,0,9.7322
0,0,0.25,0.75,0.25,0,11.866
0.25,0,0.25,0.75,0.25,0,11.439
0.75,0,0.25,0.75,0.25,0,10.586
0,0.25,0.25,0.75,0.25,0,11.439
0.25,0.25,0.25,0.75,0.25,0,11.013
0.75,0.25,0.25,0.75,0.25,0,10.159
0,0.75,0.25,0.75,0.25,0,10.586
0.25,0.75,0.25,0.75,0.25,0,10.159
0.75,0.75,0.25,0.75,0.25,0,9.3055
0,0,0.75,0.75,0.25,0,11.013
0.25,0,0.75,0.75,0.25,0,10.586
0.75,0,0.75,0.75,0.25,0,9.7322
0,0.25,0.75,0.75,0.25,0,10.586
0.25,0.25,0.75,0.75,0.25,0,10.159
0.75,0.25,0.75,0.75,0.25,0,9.3055
0,0.75,0.75,0.75,0.25,0,9.7322
0.25,0.75,0.75,0.75,0.25,0,9.3055
0.75,0.75,0.75,0.75,0.25,0,8.4519
0,0,0,0,0.75,0,12.72
0.25,0,0,0,0.75,0,12.293
0.75,0,0,0,0.75,0,11.439
0,0.25,0,0,0.75,0,12.293
0.25,0.25,0,0,0.75,0,11.866
0.75,0.25,0,0,0.75,0,11.013
0,0.75,0,0,0.75,0,11.439
0.25,0.75,0,0,0.75,0,11.013
0.75,0.75,0,0,0.75,0,10.159
0,0,0.25,0,0.75,0,12.293
0.25,0,0.25,0,0.75,0,11.866
0.75,0,0.25,0,0.75,0,11.013
0,0.25,0.25,0,0.75,0,11.866
0.25,0.25,0.25,0,0.75,0,11.439
0.75,0.25,0.25,0,0.75,0,10.586
0,0.75,0.25,0,0.75,0,11.013
0.25,0.75,0.25,0,0.75,0,10.586
0.75,0.75,0.25,0,0.75,0,9.7322
0,0,0.75,0,0.75,0,11.439
0.25,0,0.75,0,0.75,0,11.013
0.75,0,0.75,0,0.75,0,10.159
0,0.25,0.75,0,0.75,0,11.013
0.25,0.25,0.75,0,0.75,0,10.586
0.75,0.25,0.75,0,0.75,0,9.7322
0,0.75,0.75,0,0.75,0,10.159
0.25,0.75,0.75,0,0.75,0,9.7322
0.75,0.75,0.75,0,0.75,0,8.8787
0,0,0,0.25,0.75,0,12.293
0.25,0,0,0.25,0.75,0,11.866
0.75,0,0,0.25,0.75,0,11.013
0,0.25,0,0.25,0.75,0,11.866
0.25,0.25,0,0.25,0.75,0,11.439
0.75,0.25,0,0.25,0.75,0,10.586
0,0.75,0,0.25,0.75,0,11.013
0.25,0.75,0,0.25,0.75,0,10.586
0.75,0.75,0,0.25,0.75,0,9.7322
0,0,0.25,0.25,0.75,0,11.866
0.25,0,0.25,0.25,0.75,0,11.439
0.75,0,0.25,0.25,0.75,0,10.586
0,0.25,0.25,0.25,0.75,0,11.439
0.25,0.25,0.25,0.25,0.75,0,11.013
0.75,0.25,0.25,0.25,0.75,0,10.159
0,0.75,0.25,0.25,0.75,0,10.586
0.25,0.75,0.25,0.25,0.75,0,10.159
0.75,0.75,0.25,0.25,0.75,0,9.3055
0,0,0.75,0.25,0.75,0,11.013
0.25,0,0.75,0.25,0.75,0,10.586
0.75,0,0.75,0.25,0.75,0,9.7322
0,0.25,0.75,0.25,0.75,0,10.586
0.25,0.25,0.75,0.25,0.75,0,10.159
0.75,0.25,0.75,0.25,0.75,0,9.3055
0,0.75,0.75,0.25,0.75,0,9.7322
0.25,0.75,0.75,0.25,0.75,0,9.3055
0.75,0.75,0.75,0.25,0.75,0,8.4519
0,0,0,0.75,0.75,0,11.439
0.25,0,0,0.75,0.75,0,11.013
0.75,0,0,0.75,0.75,0,10.159
0,0.25,0,0.75,0.75,0,11.013
0.25,0.25,0,0.75,0.75,0,10.586
0.75,0.25,0,0.75,0.75,0,9.7322
0,0.75,0,0.75,0.75,0,10.159
0.25,0.75,0,0.75,0.75,0,9.7322
0.75,0.75,0,0.75,0.75,0,8.8787
0,0,0.25,0.75,0.75,0,11.013
0.25,0,0.25,0.75,0.75,0,10.586
0.75,0,0.25,0.75,0.75,0,9.7322
0,0.25,0.25,0.75,0.75,0,10.586
0.25,0.25,0.25,0.75,0.75,0,10.159
0.75,0.25,0.25,0.75,0.75,0,9.3055
0,0.75,0.25,0.75,0.75,0,9.7322
0.25,0.75,0.25,0.75,0.75,0,9.3055
0.75,0.75,0.25,0.75,0.75,0,8.4519
0,0,0.75,0.75,0.75,0,10.159
0.25,0,0.75,0.75,0.75,0,9.7322
0.75,0,0.75,0.75,0.75,0,8.8787
0,0.25,0.75,0.75,0.75,0,9.7322
0.25,0.25,0.75,0.75,0.75,0,9.3055
0.75,0.25,0.75,0.75,0.75,0,8.4519
0,0.75,0.75,0.75,0.75,0,8.8787
0.25,0.75,0.75,0.75,0.75,0,8.4519
0.75,0.75,0.75,0.75,0.75,0,7.5983
0,0,0,0,0,0.25,13.573
0.25,0,0,0,0,0.25,13.146
0.75,0,0,0,0,0.25,12.293
0,0.25,0,0,0,0.25,13.146
0.25,0.25,0,0,0,0.25,12.72
0.75,0.25,0,0,0,0.25,11.866
0,0.75,0,0,0,0.25,12.293
0.25,0.75,0,0,0,0.25,11.866
0.75,0.75,0,0,0,0.25,11.013
0,0,0.25,0,0,0.25,13.146
0.25,0,0.25,0,0,0.25,12.72
0.75,0,0.25,0,0,0.25,11.866
0,0.25,0.25,0,0,0.25,12.72
0.25,0.25,0.25,0,0,0.25,12.293
0.75,0.25,0.25,0,0,0.25,11.439
0,0.75,0.25,0,0,0.25,11.866
0.25,0.75,0.25,0,0,0.25,11.439
0.75,0.75,0.25,0,0,0.25,10.586
0,0,0.75,0,0,0.25,12.293
0.25,0,0.75,0,0,0.25,11.866
0.75,0,0.75,0,0,0.25,11.013
0,0.25,0.75,0,0,0.25,11.866
0.25,0.25,0.75,0,0,0.25,11.439
0.75,0.25,0.75,0,0,0.25,10.586
0,0.75,0.75,0,0,0.25,11.013
0.25,0.75,0.75,0,0,0.25,10.586
0.75,0.75,0.75,0,0,0.25,9.7322
0,0,0,0.25,0,0.25,13.146
0.25,0,0,0.25,0,0.25,12.72
0.75,0,0,0.25,0,0.25,11.866
0,0.25,0,0.25,0,0.25,12.72
0.25,0.25,0,0.25,0,0.25,12.293
0.75,0.25,0,0.25,0,0.25,11.439
0,0.75,0,0.25,0,0.25,11.866
0.25,0.75,0,0.25,0,0.25,11.439
0.75,0.75,0,0.25,0,0.25,10.586
0,0,0.25,0.25,0,0.25,12.72
0.25,0,0.25,0.25,0,0.25,12.293
0.75,0,0.25,0.25,0,0.25,11.439
0,0.25,0.25,0.25,0,0.25,12.293
0.25,0.25,0.25,0.25,0,0.25,11.866
0.75,0.25,0.25,0.25,0,0.25,11.013
0,0.75,0.25,0.25,0,0.25,11.439
0.25,0.75,0.25,0.25,0,0.25,11.013
0.75,0.75,0.25,0.25,0,0.25,10.159
0,0,0.75,0.25,0,0.25,11.866
0.25,0,0.75,0.25,0,0.25,11.439
0.75,0,0.75,0.25,0,0.25,10.586
0,0.25,0.75,0.25,0,0.25,11.439
0.25,0.25,0.75,0.25,0,0.25,11.013
0.75,0.25,0.75,0.25,0,0.25,10.159
0,0.75,0.75,0.25,0,0.25,10.586
0.25,0.75,0.75,0.25,0,0.25,10.159
0.75,0.75,0.75,0.25,0,0.25,9.3055
0,0,0,0.75,0,0.25,12.293
0.25,0,0,0.75,0,0.25,11.866
0.75,0,0,0.75,0,0.25,11.013
0,0.25,0,0.75,0,0.25,11.866
0.25,0.25,0,0.75,0,0.25,11.439
0.75,0.25,0,0.75,0,0.25,10.586
0,0.75,0,0.75,0,0.25,11.013
0.25,0.75,0,0.75,0,0.25,10.586
0.75,0.75,0,0.75,0,0.25,9.7322
0,0,0.25,0.75,0,0.25,11.866
0.25,0,0.25,0.75,0,0.25,11.439
0.75,0,0.25,0.75,0,0.25,10.586
0,0.25,0.25,0.75,0,0.25,11.439
0.25,0.25,0.25,0.75,0,0.25,11.013
0.75,0.25,0.25,0.75,0,0.25,10.159
0,0.75,0.25,0.75,0,0.25,10.586
0.25,0.75,0.25,0.75,0,0.25,10.159
0.75,0.75,0.25,0.75,0,0.25,9.3055
0,0,0.75,0.75,0,0.25,11.013
0.25,0,0.75,0.75,0,0.25,10.586
0.75,0,0.75,0.75,0,0.25,9.7322
0,0.25,0.75,0.75,0,0.25,10.586
0.25,0.25,0.75,0.75,0,0.25,10.159
0.75,0.25,0.75,0.75,0,0.25,9.3055
0,0.75,0.75,0.75,0,0.25,9.7322
0.25,0.75,0.75,0.75,0,0.25,9.3055
0.75,0.75,0.75,0.75,0,0.25,8.4519
0,0,0,0,0.25,0.25,13.146
0.25,0,0,0,0.25,0.25,12.72
0.75,0,0,0,0.25,0.25,11.866
0,0.25,0,0,0.25,0.25,12.72
0.25,0.25,0,0,0.25,0.25,12.293
0.75,0.25,0,0,0.25,0.25,11.439
0,0.75,0,0,0.25,0.25,11.866
0.25,0.75,0,0,0.25,0.25,11.439
0.75,0.75,0,0,0.25,0.25,10.586
0,0,0.25,0,0.25,0.25,12.72
0.25,0,0.25,0,0.25,0.25,12.293
0.75,0,0.25,0,0.25,0.25,11.439
0,0.25,0.25,0,0.25,0.25,12.293
0.25,0.25,0.25,0,0.25,0.25,11.866
0.75,0.25,0.25,0,0.25,0.25,11.013
0,0.75,0.25,0,0.25,0.25,11.439
0.25,0.75,0.25,0,0.25,0.25,11.013
0.75,0.75,0.25,0,0.25,0.25,10.159
0,0,0.75,0,0.25,0.25,11.866
0.25,0,0.75,0,0.25,0.25,11.439
0.75,0,0.75,0,0.25,0.25,10.586
0,0.25,0.75,0,0.25,0.25,11.439
0.25,0.25,0.75,0,0.25,0.25,11.013
0.75,0.25,0.75,0,0.25,0.25,10.159
0,0.75,0.75,0,0.25,0.25,10.586
0.25,0.75,0.75,0,0.25,0.25,10.159
0.75,0.75,0.75,0,0.25,0.25,9.3055
0,0,0,0.25,0.25,0.25,12.72
0.25,0,0,0.25,0.25,0.25,12.293
0.75,0,0,0.25,0.25,0.25,11.439
0,0.25,0,0.25,0.25,0.25,12.293
0.25,0.25,0,0.25,0.25,0.25,11.866
0.75,0.25,0,0.25,0.25,0.25,11.013
0,0.75,0,0.25,0.25,0.25,11.439
0.25,0.75,0,0.25,0.25,0.25,11.013
0.75,0.75,0,0.25,0.25,0.25,10.159
0,0,0.25,0.25,0.25,0.25,12.293
0.25,0,0.25,0.25,0.25,0.25,11.866
0.75,0,0.25,0.25,0.25,0.25,11.013
0,0.25,0.25,0.25,0.25,0.25,11.866
0.25,0.25,0.25,0.25,0.25,0.25,11.439
0.75,0.25,0.25,0.25,0.25,0.25,10.586
0,0.75,0.25,0.25,0.25,0.25,11.013
0.25,0.75,0.25,0.25,0.25,0.25,10.586
0.75,0.75,0.25,0.25,0.25,0.25,9.7322
0,0,0.75,0.25,0.25,0.25,11.439
0.25,0,0.75,0.25,0.25,0.25,11.013
0.75,0,0.75,0.25,0.25,0.25,10.159
0,0.25,0.75,0.25,0.25,0.25,11.013
0.25,0.25,0.75,0.25,0.25,0.25,10.586
0.75,0.25,0.75,0.25,0.25,0.25,9.7322
0,0.75,0.75,0.25,0.25,0.25,10.159
0.25,0.75,0.75,0.25,0.25,0.25,9.7322
0.75,0.75,0.75,0.25,0.25,0.25,8.8787
0,0,0,0.75,0.25,0.25,11.866
0.25,0,0,0.75,0.25,0.25,11.439
0.75,0,0,0.75,0.25,0.25,10.586
0,0.25,0,0.75,0.25,0.25,11.439
0.25,0.25,0,0.75,0.25,0.25,11.013
0.75,0.25,0,0.75,0.25,0.25,10.159
0,0.75,0,0.75,0.25,0.25,10.586
0.25,0.75,0,0.75,0.25,0.25,10.159
0.75,0.75,0,0.75,0.25,0.25,9.3055
0,0,0.25,0.75,0.25,0.25,11.439
0.25,0,0.25,0.75,0.25,0.25,11.013
0.75,0,0.25,0.75,0.25,0.25,10.159
0,0.25,0.25,0.75,0.25,0.25,11.013
0.25,0.25,0.25,0.75,0.25,0.25,10.586
0.75,0.25,0.25,0.75,0.25,0.25,9.7322
0,0.75,0.25,0.75,0.25,0.25,10.159
0.25,0.75,0.25,0.75,0.25,0.25,9.7322
0.75,0.75,0.25,0.75,0.25,0.25,8.8787
0,0,0.75,0.75,0.25,0.25,10.586
0.25,0,0.75,0.75,0.25,0.25,10.159
0.75,0,0.75,0.75,0.25,0.25,9.3055
0,0.25,0.75,0.75,0.25,0.25,10.159
0.25,0.25,0.75,0.75,0.25,0.25,9.7322
0.75,0.25,0.75,0.75,0.25,0.25,8.8787
0,0.75,0.75,0.75,0.25,0.25,9.3055
0.25,0.75,0.75,0.75,0.25,0.25,8.8787
0.75,0.75,0.75,0.75,0.25,0.25,8.0251
0,0,0,0,0.75,0.25,12.293
0.25,0,0,0,0.75,0.25,11.866
0.75,0,0,0,0.75,0.25,11.013
0,0.25,0,0,0.75,0.25,11.866
0.25,0.25,0,0,0.75,0.25,11.439
0.75,0.25,0,0,0.75,0.25,10.586
0,0.75,0,0,0.75,0.25,11.013
0.25,0.75,0,0,0.75,0.25,10.586
0.75,0.75,0,0,0.75,0.25,9.7322
0,0,0.25,0,0.75,0.25,11.866
0.25,0,0.25,0,0.75,0.25,11.439
0.75,0,0.25,0,0.75,0.25,10.586
0,0.25,0.25,0,0.75,0.25,11.439
0.25,0.25,0.25,0,0.75,0.25,11.013
0.75,0.25,0.25,0,0.75,0.25,10.159
0,0.75,0.25,0,0.75,0.25,10.586
0.25,0.75,0.25,0,0.75,0.25,10.159
0.75,0.75,0.25,0,0.75,0.25,9.3055
0,0,0.75,0,0.75,0.25,11.013
0.25,0,0.75,0,0.75,0.25,10.586
0.75,0,0.75,0,0.75,0.25,9.7322
0,0.25,0.75,0,0.75,0.25,10.586
0.25,0.25,0.75,0,0.75,0.25,10.159
0.75,0.25,0.75,0,0.75,0.25,9.3055
0,0.75,0.75,0,0.75,0.25,9.7322
0.25,0.75,0.75,0,0.75,0.25,9.3055
0.75,0.75,0.75,0,0.75,0.25,8.4519
0,0,0,0.25,0.75,0.25,11.866
0.25,0,0,0.25,0.75,0.25,11.439
0.75,0,0,0.25,0.75,0.25,10.586
0,0.25,0,0.25,0.75,0.25,11.439
0.25,0.25,0,0.25,0.75,0.25,11.013
0.75,0.25,0,0.25,0.75,0.25,10.159
0,0.75,0,0.25,0.75,0.25,10.586
0.25,0.75,0,0.25,0.75,0.25,10.159
0.75,0.75,0,0.25,0.75,0.25,9.3055
0,0,0.25,0.25,0.75,0.25,11.439
0.25,0,0.25,0.25,0.75,0.25,11.013
0.75,0,0.25,0.25,0.75,0.25,10.159
0,0.25,0.25,0.25,0.75,0.25,11.013
0.25,0.25,0.25,0.25,0.75,0.25,10.586
0.75,0.25,0.25,0.25,0.75,0.25,9.7322
0,0.75,0.25,0.25,0.75,0.25,10.159
0.25,0.75,0.25,0.25,0.75,0.25,9.7322
0.75,0.75,0.25,0.25,0.75,0.25,8.8787
0,0,0.75,0.25,0.75,0.25,10.586
0.25,0,0.75,0.25,0.75,0.25,10.159
0.75,0,0.75,0.25,0.75,0.25,9.3055
0,0.25,0.75,0.25,0.75,0.25,10.159
0.25,0.25,0.75,0.25,0.75,0.25,9.7322
0.75,0.25,0.75,0.25,0.75,0.25,8.8787
0,0.75,0.75,0.25,0.75,0.25,9.3055
0.25,0.75,0.75,0.25,0.75,0.25,8.8787
0.75,0.75,0.75,0.25,0.75,0.25,8.0251
0,0,0,0.75,0.75,0.25,11.013
0.25,0,0,0.75,0.75,0.25,10.586
0.75,0,0,0.75,0.75,0.25,9.7322
0,0.25,0,0.75,0.75,0.25,10.586
0.25,0.25,0,0.75,0.75,0.25,10.159
0.75,0.25,0,0.75,0.75,0.25,9.3055
0,0.75,0,0.75,0.75,0.25,9.7322
0.25,0.75,0,0.75,0.75,0.25,9.3055
0.75,0.75,0,0.75,0.75,0.25,8.4519
0,0,0.25,0.75,0.75,0.25,10.586
0.25,0,0.25,0.75,0.75,0.25,10.159
0.75,0,0.25,0.75,0.75,0.25,9.3055
0,0.25,0.25,0.75,0.75,0.25,10.159
0.25,0.25,0.25,0.75,0.75,0.25,9.7322
0.75,0.25,0.25,0.75,0.75,0.25,8.8787
0,0.75,0.25,0.75,0.75,0.25,9.3055
0.25,0.75,0.25,0.75,0.75,0.25,8.8787
0.75,0.75,0.25,0.75,0.75,0.25,8.0251
0,0,0.75,0.75,0.75,0.25,9.7322
0.25,0,0.75,0.75,0.75,0.25,9.3055
0.75,0,0.75,0.75,0.75,0.25,8.4519
0,0.25,0.75,0.75,0.75,0.25,9.3055
0.25,0.25,0.75,0.75,0.75,0.25,8.8787
0.75,0.25,0.75,0.75,0.75,0.25,8.0251
0,0.75,0.75,0.75,0.75,0.25,8.4519
0.25,0.75,0.75,0.75,0.75,0.25,8.0251
0.75,0.75,0.75,0.75,0.75,0.25,7.1716
0,0,0,0,0,0.75,12.72
0.25,0,0,0,0,0.75,12.293
0.75,0,0,0,0,0.75,11.439
0,0.25,0,0,0,0.75,12.293
0.25,0.25,0,0,0,0.75,11.866
0.75,0.25,0,0,0,0.75,11.013
0,0.75,0,0,0,0.75,11.439
0.25,0.75,0,0,0,0.75,11.013
0.75,0.75,0,0,0,0.75,10.159
0,0,0.25,0,0,0.75,12.293
0.25,0,0.25,0,0,0.75,11.866
0.75,0,0.25,0,0,0.75,11.013
0,0.25,0.25,0,0,0.75,11.866
0.25,0.25,0.25,0,0,0.75,11.439
0.75,0.25,0.25,0,0,0.75,10.586
0,0.75,0.25,0,0,0.75,11.013
0.25,0.75,0.25,0,0,0.75,10.586
0.75,0.75,0.25,0,0,0.75,9.7322
0,0,0.75,0,0,0.75,11.439
0.25,0,0.75,0,0,0.75,11.013
0.75,0,0.75,0,0,0.75,10.159
0,0.25,0.75,0,0,0.75,11.013
0.25,0.25,0.75,0,0,0.75,10.586
0.75,0.25,0.75,0,0,0.75,9.7322
0,0.75,0.75,0,0,0.75,10.159
0.25,0.75,0.75,0,0,0.75,9.7322
0.75,0.75,0.75,0,0,0.75,8.8787
0,0,0,0.25,0,0.75,12.293
0.25,0,0,0.25,0,0.75,11.866
0.75,0,0,0.25,0,0.75,11.013
0,0.25,0,0.25,0,0.75,11.866
0.25,0.25,0,0.25,0,0.75,11.439
0.75,0.25,0,0.25,0,0.75,10.586
0,0.75,0,0.25,0,0.75,11.013
0.25,0.75,0,0.25,0,0.75,10.586
0.75,0.75,0,0.25,0,0.75,9.7322
0,0,0.25,0.25,0,0.75,11.866
0.25,0,0.25,0.25,0,0.75,11.439
0.75,0,0.25,0.25,0,0.75,10.586
0,0.25,0.25,0.25,0,0.75,11.439
0.25,0.25,0.25,0.25,0,0.75,11.013
0.75,0.25,0.25,0.25,0,0.75,10.159
0,0.75,0.25,0.25,0,0.75,10.586
0.25,0.75,0.25,0.25,0,0.75,10.159
0.75,0.75,0.25,0.25,0,0.75,9.3055
0,0,0.75,0.25,0,0.75,11.013
0.25,0,0.75,0.25,0,0.75,10.586
0.75,0,0.75,0.25,0,0.75,9.7322
0,0.25,0.75,0.25,0,0.75,10.586
0.25,0.25,0.75,0.25,0,0.75,10.159
0.75,0.25,0.75,0.25,0,0.75,9.3055
0,0.75,0.75,0.25,0,0.75,9.7322
0.25,0.75,0.75,0.25,0,0.75,9.3055
0.75,0.75,0.75,0.25,0,0.75,8.4519
0,0,0,0.75,0,0.75,11.439
0.25,0,0,0.75,0,0.75,11.013
0.75,0,0,0.75,0,0.75,10.159
0,0.25,0,0.75,0,0.75,11.013
0.25,0.25,0,0.75,0,0.75,10.586
0.75,0.25,0,0.75,0,0.75,9.7322
0,0.75,0,0.75,0,0.75,10.159
0.25,0.75,0,0.75,0,0.75,9.7322
0.75,0.75,0,0.75,0,0.75,8.8787
0,0,0.25,0.75,0,0.75,11.013
0.25,0,0.25,0.75,0,0.75,10.586
0.75,0,0.25,0.75,0,0.75,9.7322
0,0.25,0.25,0.75,0,0.75,10.586
0.25,0.25,0.25,0.75,0,0.75,10.159
0.75,0.25,0.25,0.75,0,0.75,9.3055
0,0.75,0.25,0.75,0,0.75,9.7322
0.25,0.75,0.25,0.75,0,0.75,9.3055
0.75,0.75,0.25,0.75,0,0.75,8.4519
0,0,0.75,0.75,0,0.75,10.159
0.25,0,0.75,0.75,0,0.75,9.7322
0.75,0,0.75,0.75,0,0.75,8.8787
0,0.25,0.75,0.75,0,0.75,9.7322
0.25,0.25,0.75,0.75,0,0.75,9.3055
0.75,0.25,0.75,0.75,0,0.75,8.4519
0,0.75,0.75,0.75,0,0.75,8.8787
0.25,0.75,0.75,0.75,0,0.75,8.4519
0.75,0.75,0.75,0.75,0,0.75,7.5983
0,0,0,0,0.25,0.75,12.293
0.25,0,0,0,0.25,0.75,11.866
0.75,0,0,0,0.25,0.75,11.013
0,0.25,0,0,0.25,0.75,11.866
0.25,0.25,0,0,0.25,0.75,11.439
0.75,0.25,0,0,0.25,0.75,10.586
0,0.75,0,0,0.25,0.75,11.013
0.25,0.75,0,0,0.25,0.75,10.586
0.75,0.75,0,0,0.25,0.75,9.7322
0,0,0.25,0,0.25,0.75,11.866
0.25,0,0.25,0,0.25,0.75,11.439
0.75,0,0.25,0,0.25,0.75,10.586
0,0.25,0.25,0,0.25,0.75,11.439
0.25,0.25,0.25,0,0.25,0.75,11.013
0.75,0.25,0.25,0,0.25,0.75,10.159
0,0.75,0.25,0,0.25,0.75,10.586
0.25,0.75,0.25,0,0.25,0.75,10.159
0.75,0.75,0.25,0,0.25,0.75,9.3055
0,0,0.75,0,0.25,0.75,11.013
0.25,0,0.75,0,0.25,0.75,10.586
0.75,0,0.75,0,0.25,0.75,9.7322
0,0.25,0.75,0,0.25,0.75,10.586
0.25,0.25,0.75,0,0.25,0.75,10.159
0.75,0.25,0.75,0,0.25,0.75,9.3055
0,0.75,0.75,0,0.25,0.75,9.7322
0.25,0.75,0.75,0,0.25,0.75,9.3055
0.75,0.75,0.75,0,0.25,0.75,8.4519
0,0,0,0.25,0.25,0.75,11.866
0.25,0,0,0.25,0.25,0.75,11.439
0.75,0,0,0.25,0.25,0.75,10.586
0,0.25,0,0.25,0.25,0.75,11.439
0.25,0.25,0,0.25,0.25,0.75,11.013
0.75,0.25,0,0.25,0.25,0.75,10.159
0,0.75,0,0.25,0.25,0.75,10.586
0.25,0.75,0,0.25,0.25,0.75,10.159
0.75,0.75,0,0.25,0.25,0.75,9.3055
0,0,0.25,0.25,0.25,0.75,11.439
0.25,0,0.25,0.25,0.25,0.75,11.013
0.75,0,0.25,0.25,0.25,0.75,10.159
0,0.25,0.25,0.25,0.25,0.75,11.013
0.25,0.25,0.25,0.25,0.25,0.75,10.586
0.75,0.25,0.25,0.25,0.25,0.75,9.7322
0,0.75,0.25,0.25,0.25,0.75,10.159
0.25,0.75,0.25,0.25,0.25,0.75,9.7322
0.75,0.75,0.25,0.25,0.25,0.75,8.8787
0,0,0.75,0.25,0.25,0.75,10.586
0.25,0,0.75,0.25,0.25,0.75,10.159
0.75,0,0.75,0.25,0.25,0.75,9.3055
0,0.25,0.75,0.25,0.25,0.75,10.159
0.25,0.25,0.75,0.25,0.25,0.75,9.7322
0.75,0.25,0.75,0.25,0.25,0.75,8.8787
0,0.75,0.75,0.25,0.25,0.75,9.3055
0.25,0.75,0.75,0.25,0.25,0.75,8.8787
0.75,0.75,0.75,0.25,0.25,0.75,8.0251
0,0,0,0.75,0.25,0.75,11.013
0.25,0,0,0.75,0.25,0.75,10.586
0.75,0,0,0.75,0.25,0.75,9.7322
0,0.25,0,0.75,0.25,0.75,10.586
0.25,0.25,0,0.75,0.25,0.75,10.159
0.75,0.25,0,0.75,0.25,0.75,9.3055
0,0.75,0,0.75,0.25,0.75,9.7322
0.25,0.75,0,0.75,0.25,0.75,9.3055
0.75,0.75,0,0.75,0.25,0.75,8.4519
0,0,0.25,0.75,0.25,0.75,10.586
0.25,0,0.25,0.75,0.25,0.75,10.159
0.75,0,0.25,0.75,0.25,0.75,9.3055
0,0.25,0.25,0.75,0.25,0.75,10.159
0.25,0.25,0.25,0.75,0.25,0.75,9.7322
0.75,0.25,0.25,0.75,0.25,0.75,8.8787
0,0.75,0.25,0.75,0.25,0.75,9.3055
0.25,0.75,0.25,0.75,0.25,0.75,8.8787
0.75,0.75,0.25,0.75,0.25,0.75,8.0251
0,0,0.75,0.75,0.25,0.75,9.7322
0.25,0,0.75,0.75,0.25,0.75,9.3055
0.75,0,0.75,0.75,0.25,0.75,8.4519
0,0.25,0.75,0.75,0.25,0.75,9.3055
0.25,0.25,0.75,0.75,0.25,0.75,8.8787
0.75,0.25,0.75,0.75,0.25,0.75,8.0251
0,0.75,0.75,0.75,0.25,0.75,8.4519
0.25,0.75,0.75,0.75,0.25,0.75,8.0251
0.75,0.75,0.75,0.75,0.25,0.75,7.1716
0,0,0,0,0.75,0.75,11.439
0.25,0,0,0,0.75,0.75,11.013
0.75,0,0,0,0.75,0.75,10.159
0,0.25,0,0,0.75,0.75,11.013
0.25,0.25,0,0,0.75,0.75,10.586
0.75,0.25,0,0,0.75,0.75,9.7322
0,0.75,0,0,0.75,0.75,10.159
0.25,0.75,0,0,0.75,0.75,9.7322
0.75,0.75,0,0,0.75,0.75,8.8787
0,0,0.25,0,0.75,0.75,11.013
0.25,0,0.25,0,0.75,0.75,10.586
0.75,0,0.25,0,0.75,0.75,9.7322
0,0.25,0.25,0,0.75,0.75,10.586
0.25,0.25,0.25,0,0.75,0.75,10.159
0.75,0.25,0.25,0,0.75,0.75,9.3055
0,0.75,0.25,0,0.75,0.75,9.7322
0.25,0.75,0.25,0,0.75,0.75,9.3055
0.75,0.75,0.25,0,0.75,0.75,8.4519
0,0,0.75,0,0.75,0.75,10.159
0.25,0,0.75,0,0.75,0.75,9.7322
0.75,0,0.75,0,0.75,0.75,8.8787
0,0.25,0.75,0,0.75,0.75,9.7322
0.25,0.25,0.75,0,0.75,0.75,9.3055
0.75,0.25,0.75,0,0.75,0.75,8.4519
0,0.75,0.75,0,0.75,0.75,8.8787
0.25,0.75,0.75,0,0.75,0.75,8.4519
0.75,0.75,0.75,0,0.75,0.75,7.5983
0,0,0,0.25,0.75,0.75,11.013
0.25,0,0,0.25,0.75,0.75,10.586
0.75,0,0,0.25,0.75,0.75,9.7322
0,0.25,0,0.25,0.75,0.75,10.586
0.25,0.25,0,0.25,0.75,0.75,10.159
0.75,0.25,0,0.25,0.75,0.75,9.3055
0,0.75,0,0.25,0.75,0.75,9.7322
0.25,0.75,0,0.25,0.75,0.75,9.3055
0.75,0.75,0,0.25,0.75,0.75,8.4519
0,0,0.25,0.25,0.75,0.75,10.586
0.25,0,0.25,0.25,0.75,0.75,10.159
0.75,0,0.25,0.25,0.75,0.75,9.3055
0,0.25,0.25,0.25,0.75,0.75,10.159
0.25,0.25,0.25,0.25,0.75,0.75,9.7322
0.75,0.25,0.25,0.25,0.75,0.75,8.8787
0,0.75,0.25,0.25,0.75,0.75,9.3055
0.25,0.75,0.25,0.25,0.75,0.75,8.8787
0.75,0.75,0.25,0.25,0.75,0.75,8.0251
0,0,0.75,0.25,0.75,0.75,9.7322
0.25,0,0.75,0.25,0.75,0.75,9.3055
0.75,0,0.75,0.25,0.75,0.75,8.4519
0,0.25,0.75,0.25,0.75,0.75,9.3055
0.25,0.25,0.75,0.25,0.75,0.75,8.8787
0.75,0.25,0.75,0.25,0.75,0.75,8.0251
0,0.75,0.75,0.25,0.75,0.75,8.4519
0.25,0.75,0.75,0.25,0.75,0.75,8.0251
0.75,0.75,0.75,0.25,0.75,0.75,7.1716
0,0,0,0.75,0.75,0.75,10.159
0.25,0,0,0.75,0.75,0.75,9.7322
0.75,0,0,0.75,0.75,0.75,8.8787
0,0.25,0,0.75,0.75,0.75,9.7322
0.25,0.25,0,0.75,0.75,0.75,9.3055
0.75,0.25,0,0.75,0.75,0.75,8.4519
0,0.75,0,0.75,0.75,0.75,8.8787
0.25,0.75,0,0.75,0.75,0.75,8.4519
0.75,0.75,0,0.75,0.75,0.75,7.5983
0,0,0.25,0.75,0.75,0.75,9.7322
0.25,0,0.25,0.75,0.75,0.75,9.3055
0.75,0,0.25,0.75,0.75,0.75,8.4519
0,0.25,0.25,0.75,0.75,0.75,9.3055
0.25,0.25,0.25,0.75,0.75,0.75,8.8787
0.75,0.25,0.25,0.75,0.75,0.75,8.0251
0,0.75,0.25,0.75,0.75,0.75,8.4519
0.25,0.75,0.25,0.75,0.75,0.75,8.0251
0.75,0.75,0.25,0.75,0.75,0.75,7.1716
0,0,0.75,0.75,0.75,0.75,8.8787
0.25,0,0.75,0.75,0.75,0.75,8.4519
0.75,0,0.75,0.75,0.75,0.75,7.5983
0,0.25,0.75,0.75,0.75,0.75,8.4519
0.25,0.25,0.75,0.75,0.75,0.75,8.0251
0.75,0.25,0.75,0.75,0.75,0.75,7.1716
0,0.75,0.75,0.75,0.75,0.75,7.5983
0.25,0.75,0.75,0.75,0.75,0.75,7.1716
0.75,0.75,0.75,0.75,0.75,0.75,6.318
