0,4
0.00020004,3.9998
0.00040008,3.9996
0.00060012,3.9994
0.00080016,3.9992
0.0010002,3.999
0.0012002,3.9988
0.0014003,3.9986
0.0016003,3.9984
0.0018004,3.9982
0.0020004,3.998
0.0022004,3.9978
0.0024005,3.9975
0.0026005,3.9973
0.0028006,3.9971
0.0030006,3.9969
0.0032006,3.9967
0.0034007,3.9965
0.0036007,3.9963
0.0038008,3.9961
0.0040008,3.9958
0.0042008,3.9956
0.0044009,3.9954
0.0046009,3.9952
0.004801,3.995
0.005001,3.9948
0.005201,3.9945
0.0054011,3.9943
0.0056011,3.9941
0.0058012,3.9939
0.0060012,3.9937
0.0062012,3.9934
0.0064013,3.9932
0.0066013,3.993
0.0068014,3.9928
0.0070014,3.9925
0.0072014,3.9923
0.0074015,3.9921
0.0076015,3.9919
0.0078016,3.9916
0.0080016,3.9914
0.0082016,3.9912
0.0084017,3.9909
0.0086017,3.9907
0.0088018,3.9905
0.0090018,3.9902
0.0092018,3.99
0.0094019,3.9898
0.0096019,3.9895
0.009802,3.9893
0.010002,3.9891
0.010202,3.9888
0.010402,3.9886
0.010602,3.9883
0.010802,3.9881
0.011002,3.9879
0.011202,3.9876
0.011402,3.9874
0.011602,3.9871
0.011802,3.9869
0.012002,3.9866
0.012202,3.9864
0.012402,3.9862
0.012603,3.9859
0.012803,3.9857
0.013003,3.9854
0.013203,3.9852
0.013403,3.9849
0.013603,3.9847
0.013803,3.9844
0.014003,3.9842
0.014203,3.9839
0.014403,3.9836
0.014603,3.9834
0.014803,3.9831
0.015003,3.9829
0.015203,3.9826
0.015403,3.9824
0.015603,3.9821
0.015803,3.9819
0.016003,3.9816
0.016203,3.9813
0.016403,3.9811
0.016603,3.9808
0.016803,3.9805
0.017003,3.9803
0.017203,3.98
0.017403,3.9798
0.017604,3.9795
0.017804,3.9792
0.018004,3.979
0.018204,3.9787
0.018404,3.9784
0.018604,3.9782
0.018804,3.9779
0.019004,3.9776
0.019204,3.9773
0.019404,3.9771
0.019604,3.9768
0.019804,3.9765
0.020004,3.9762
0.020204,3.976
0.020404,3.9757
0.020604,3.9754
0.020804,3.9751
0.021004,3.9749
0.021204,3.9746
0.021404,3.9743
0.021604,3.974
0.021804,3.9737
0.022004,3.9735
0.022204,3.9732
0.022404,3.9729
0.022605,3.9726
0.022805,3.9723
0.023005,3.972
0.023205,3.9718
0.023405,3.9715
0.023605,3.9712
0.023805,3.9709
0.024005,3.9706
0.024205,3.9703
0.024405,3.97
0.024605,3.9697
0.024805,3.9694
0.025005,3.9692
0.025205,3.9689
0.025405,3.9686
0.025605,3.9683
0.025805,3.968
0.026005,3.9677
0.026205,3.9674
0.026405,3.9671
0.026605,3.9668
0.026805,3.9665
0.027005,3.9662
0.027205,3.9659
0.027405,3.9656
0.027606,3.9653
0.027806,3.965
0.028006,3.9647
0.028206,3.9644
0.028406,3.9641
0.028606,3.9638
0.028806,3.9635
0.029006,3.9632
0.029206,3.9629
0.029406,3.9625
0.029606,3.9622
0.029806,3.9619
0.030006,3.9616
0.030206,3.9613
0.030406,3.961
0.030606,3.9607
0.030806,3.9604
0.031006,3.9601
0.031206,3.9597
0.031406,3.9594
0.031606,3.9591
0.031806,3.9588
0.032006,3.9585
0.032206,3.9582
0.032406,3.9578
0.032607,3.9575
0.032807,3.9572
0.033007,3.9569
0.033207,3.9566
0.033407,3.9562
0.033607,3.9559
0.033807,3.9556
0.034007,3.9553
0.034207,3.955
0.034407,3.9546
0.034607,3.9543
0.034807,3.954
0.035007,3.9537
0.035207,3.9533
0.035407,3.953
0.035607,3.9527
0.035807,3.9523
0.036007,3.952
0.036207,3.9517
0.036407,3.9513
0.036607,3.951
0.036807,3.9507
0.037007,3.9503
0.037207,3.95
0.037407,3.9497
0.037608,3.9493
0.037808,3.949
0.038008,3.9487
0.038208,3.9483
0.038408,3.948
0.038608,3.9477
0.038808,3.9473
0.039008,3.947
0.039208,3.9466
0.039408,3.9463
0.039608,3.9459
0.039808,3.9456
0.040008,3.9453
0.040208,3.9449
0.040408,3.9446
0.040608,3.9442
0.040808,3.9439
0.041008,3.9435
0.041208,3.9432
0.041408,3.9428
0.041608,3.9425
0.041808,3.9421
0.042008,3.9418
0.042208,3.9414
0.042408,3.9411
0.042609,3.9407
0.042809,3.9404
0.043009,3.94
0.043209,3.9397
0.043409,3.9393
0.043609,3.939
0.043809,3.9386
0.044009,3.9383
0.044209,3.9379
0.044409,3.9375
0.044609,3.9372
0.044809,3.9368
0.045009,3.9365
0.045209,3.9361
0.045409,3.9357
0.045609,3.9354
0.045809,3.935
0.046009,3.9347
0.046209,3.9343
0.046409,3.9339
0.046609,3.9336
0.046809,3.9332
0.047009,3.9328
0.047209,3.9325
0.047409,3.9321
0.04761,3.9317
0.04781,3.9314
0.04801,3.931
0.04821,3.9306
0.04841,3.9303
0.04861,3.9299
0.04881,3.9295
0.04901,3.9291
0.04921,3.9288
0.04941,3.9284
0.04961,3.928
0.04981,3.9277
0.05001,3.9273
0.05021,3.9269
0.05041,3.9265
0.05061,3.9262
0.05081,3.9258
0.05101,3.9254
0.05121,3.925
0.05141,3.9246
0.05161,3.9243
0.05181,3.9239
0.05201,3.9235
0.05221,3.9231
0.05241,3.9227
0.052611,3.9224
0.052811,3.922
0.053011,3.9216
0.053211,3.9212
0.053411,3.9208
0.053611,3.9204
0.053811,3.9201
0.054011,3.9197
0.054211,3.9193
0.054411,3.9189
0.054611,3.9185
0.054811,3.9181
0.055011,3.9177
0.055211,3.9173
0.055411,3.9169
0.055611,3.9166
0.055811,3.9162
0.056011,3.9158
0.056211,3.9154
0.056411,3.915
0.056611,3.9146
0.056811,3.9142
0.057011,3.9138
0.057211,3.9134
0.057411,3.913
0.057612,3.9126
0.057812,3.9122
0.058012,3.9118
0.058212,3.9114
0.058412,3.911
0.058612,3.9106
0.058812,3.9102
0.059012,3.9098
0.059212,3.9094
0.059412,3.909
0.059612,3.9086
0.059812,3.9082
0.060012,3.9078
0.060212,3.9074
0.060412,3.907
0.060612,3.9066
0.060812,3.9062
0.061012,3.9058
0.061212,3.9054
0.061412,3.905
0.061612,3.9046
0.061812,3.9042
0.062012,3.9038
0.062212,3.9034
0.062412,3.903
0.062613,3.9025
0.062813,3.9021
0.063013,3.9017
0.063213,3.9013
0.063413,3.9009
0.063613,3.9005
0.063813,3.9001
0.064013,3.8997
0.064213,3.8993
0.064413,3.8988
0.064613,3.8984
0.064813,3.898
0.065013,3.8976
0.065213,3.8972
0.065413,3.8968
0.065613,3.8963
0.065813,3.8959
0.066013,3.8955
0.066213,3.8951
0.066413,3.8947
0.066613,3.8943
0.066813,3.8938
0.067013,3.8934
0.067213,3.893
0.067413,3.8926
0.067614,3.8922
0.067814,3.8917
0.068014,3.8913
0.068214,3.8909
0.068414,3.8905
0.068614,3.89
0.068814,3.8896
0.069014,3.8892
0.069214,3.8888
0.069414,3.8883
0.069614,3.8879
0.069814,3.8875
0.070014,3.8871
0.070214,3.8866
0.070414,3.8862
0.070614,3.8858
0.070814,3.8854
0.071014,3.8849
0.071214,3.8845
0.071414,3.8841
0.071614,3.8836
0.071814,3.8832
0.072014,3.8828
0.072214,3.8823
0.072414,3.8819
0.072615,3.8815
0.072815,3.881
0.073015,3.8806
0.073215,3.8802
0.073415,3.8797
0.073615,3.8793
0.073815,3.8789
0.074015,3.8784
0.074215,3.878
0.074415,3.8776
0.074615,3.8771
0.074815,3.8767
0.075015,3.8763
0.075215,3.8758
0.075415,3.8754
0.075615,3.8749
0.075815,3.8745
0.076015,3.8741
0.076215,3.8736
0.076415,3.8732
0.076615,3.8727
0.076815,3.8723
0.077015,3.8719
0.077215,3.8714
0.077415,3.871
0.077616,3.8705
0.077816,3.8701
0.078016,3.8697
0.078216,3.8692
0.078416,3.8688
0.078616,3.8683
0.078816,3.8679
0.079016,3.8674
0.079216,3.867
0.079416,3.8665
0.079616,3.8661
0.079816,3.8656
0.080016,3.8652
0.080216,3.8648
0.080416,3.8643
0.080616,3.8639
0.080816,3.8634
0.081016,3.863
0.081216,3.8625
0.081416,3.8621
0.081616,3.8616
0.081816,3.8612
0.082016,3.8607
0.082216,3.8603
0.082416,3.8598
0.082617,3.8594
0.082817,3.8589
0.083017,3.8585
0.083217,3.858
0.083417,3.8576
0.083617,3.8571
0.083817,3.8566
0.084017,3.8562
0.084217,3.8557
0.084417,3.8553
0.084617,3.8548
0.084817,3.8544
0.085017,3.8539
0.085217,3.8535
0.085417,3.853
0.085617,3.8526
0.085817,3.8521
0.086017,3.8516
0.086217,3.8512
0.086417,3.8507
0.086617,3.8503
0.086817,3.8498
0.087017,3.8494
0.087217,3.8489
0.087417,3.8484
0.087618,3.848
0.087818,3.8475
0.088018,3.8471
0.088218,3.8466
0.088418,3.8461
0.088618,3.8457
0.088818,3.8452
0.089018,3.8448
0.089218,3.8443
0.089418,3.8438
0.089618,3.8434
0.089818,3.8429
0.090018,3.8424
0.090218,3.842
0.090418,3.8415
0.090618,3.8411
0.090818,3.8406
0.091018,3.8401
0.091218,3.8397
0.091418,3.8392
0.091618,3.8387
0.091818,3.8383
0.092018,3.8378
0.092218,3.8373
0.092418,3.8369
0.092619,3.8364
0.092819,3.836
0.093019,3.8355
0.093219,3.835
0.093419,3.8346
0.093619,3.8341
0.093819,3.8336
0.094019,3.8332
0.094219,3.8327
0.094419,3.8322
0.094619,3.8318
0.094819,3.8313
0.095019,3.8308
0.095219,3.8303
0.095419,3.8299
0.095619,3.8294
0.095819,3.8289
0.096019,3.8285
0.096219,3.828
0.096419,3.8275
0.096619,3.8271
0.096819,3.8266
0.097019,3.8261
0.097219,3.8257
0.097419,3.8252
0.09762,3.8247
0.09782,3.8242
0.09802,3.8238
0.09822,3.8233
0.09842,3.8228
0.09862,3.8224
0.09882,3.8219
0.09902,3.8214
0.09922,3.8209
0.09942,3.8205
0.09962,3.82
0.09982,3.8195
0.10002,3.8191
0.10022,3.8186
0.10042,3.8181
0.10062,3.8176
0.10082,3.8172
0.10102,3.8167
0.10122,3.8162
0.10142,3.8157
0.10162,3.8153
0.10182,3.8148
0.10202,3.8143
0.10222,3.8138
0.10242,3.8134
0.10262,3.8129
0.10282,3.8124
0.10302,3.8119
0.10322,3.8115
0.10342,3.811
0.10362,3.8105
0.10382,3.81
0.10402,3.8096
0.10422,3.8091
0.10442,3.8086
0.10462,3.8081
0.10482,3.8077
0.10502,3.8072
0.10522,3.8067
0.10542,3.8062
0.10562,3.8058
0.10582,3.8053
0.10602,3.8048
0.10622,3.8043
0.10642,3.8039
0.10662,3.8034
0.10682,3.8029
0.10702,3.8024
0.10722,3.8019
0.10742,3.8015
0.10762,3.801
0.10782,3.8005
0.10802,3.8
0.10822,3.7996
0.10842,3.7991
0.10862,3.7986
0.10882,3.7981
0.10902,3.7977
0.10922,3.7972
0.10942,3.7967
0.10962,3.7962
0.10982,3.7957
0.11002,3.7953
0.11022,3.7948
0.11042,3.7943
0.11062,3.7938
0.11082,3.7934
0.11102,3.7929
0.11122,3.7924
0.11142,3.7919
0.11162,3.7914
0.11182,3.791
0.11202,3.7905
0.11222,3.79
0.11242,3.7895
0.11262,3.7891
0.11282,3.7886
0.11302,3.7881
0.11322,3.7876
0.11342,3.7871
0.11362,3.7867
0.11382,3.7862
0.11402,3.7857
0.11422,3.7852
0.11442,3.7847
0.11462,3.7843
0.11482,3.7838
0.11502,3.7833
0.11522,3.7828
0.11542,3.7824
0.11562,3.7819
0.11582,3.7814
0.11602,3.7809
0.11622,3.7804
0.11642,3.78
0.11662,3.7795
0.11682,3.779
0.11702,3.7785
0.11722,3.7781
0.11742,3.7776
0.11762,3.7771
0.11782,3.7766
0.11802,3.7761
0.11822,3.7757
0.11842,3.7752
0.11862,3.7747
0.11882,3.7742
0.11902,3.7738
0.11922,3.7733
0.11942,3.7728
0.11962,3.7723
0.11982,3.7718
0.12002,3.7714
0.12022,3.7709
0.12042,3.7704
0.12062,3.7699
0.12082,3.7695
0.12102,3.769
0.12122,3.7685
0.12142,3.768
0.12162,3.7675
0.12182,3.7671
0.12202,3.7666
0.12222,3.7661
0.12242,3.7656
0.12262,3.7652
0.12282,3.7647
0.12302,3.7642
0.12322,3.7637
0.12342,3.7633
0.12362,3.7628
0.12382,3.7623
0.12402,3.7618
0.12422,3.7614
0.12442,3.7609
0.12462,3.7604
0.12482,3.7599
0.12503,3.7595
0.12523,3.759
0.12543,3.7585
0.12563,3.758
0.12583,3.7576
0.12603,3.7571
0.12623,3.7566
0.12643,3.7561
0.12663,3.7557
0.12683,3.7552
0.12703,3.7547
0.12723,3.7542
0.12743,3.7538
0.12763,3.7533
0.12783,3.7528
0.12803,3.7523
0.12823,3.7519
0.12843,3.7514
0.12863,3.7509
0.12883,3.7505
0.12903,3.75
0.12923,3.7495
0.12943,3.749
0.12963,3.7486
0.12983,3.7481
0.13003,3.7476
0.13023,3.7472
0.13043,3.7467
0.13063,3.7462
0.13083,3.7457
0.13103,3.7453
0.13123,3.7448
0.13143,3.7443
0.13163,3.7439
0.13183,3.7434
0.13203,3.7429
0.13223,3.7425
0.13243,3.742
0.13263,3.7415
0.13283,3.741
0.13303,3.7406
0.13323,3.7401
0.13343,3.7396
0.13363,3.7392
0.13383,3.7387
0.13403,3.7382
0.13423,3.7378
0.13443,3.7373
0.13463,3.7368
0.13483,3.7364
0.13503,3.7359
0.13523,3.7354
0.13543,3.735
0.13563,3.7345
0.13583,3.734
0.13603,3.7336
0.13623,3.7331
0.13643,3.7326
0.13663,3.7322
0.13683,3.7317
0.13703,3.7313
0.13723,3.7308
0.13743,3.7303
0.13763,3.7299
0.13783,3.7294
0.13803,3.7289
0.13823,3.7285
0.13843,3.728
0.13863,3.7276
0.13883,3.7271
0.13903,3.7266
0.13923,3.7262
0.13943,3.7257
0.13963,3.7253
0.13983,3.7248
0.14003,3.7243
0.14023,3.7239
0.14043,3.7234
0.14063,3.723
0.14083,3.7225
0.14103,3.722
0.14123,3.7216
0.14143,3.7211
0.14163,3.7207
0.14183,3.7202
0.14203,3.7198
0.14223,3.7193
0.14243,3.7188
0.14263,3.7184
0.14283,3.7179
0.14303,3.7175
0.14323,3.717
0.14343,3.7166
0.14363,3.7161
0.14383,3.7157
0.14403,3.7152
0.14423,3.7148
0.14443,3.7143
0.14463,3.7139
0.14483,3.7134
0.14503,3.7129
0.14523,3.7125
0.14543,3.712
0.14563,3.7116
0.14583,3.7111
0.14603,3.7107
0.14623,3.7102
0.14643,3.7098
0.14663,3.7093
0.14683,3.7089
0.14703,3.7085
0.14723,3.708
0.14743,3.7076
0.14763,3.7071
0.14783,3.7067
0.14803,3.7062
0.14823,3.7058
0.14843,3.7053
0.14863,3.7049
0.14883,3.7044
0.14903,3.704
0.14923,3.7036
0.14943,3.7031
0.14963,3.7027
0.14983,3.7022
0.15003,3.7018
0.15023,3.7013
0.15043,3.7009
0.15063,3.7005
0.15083,3.7
0.15103,3.6996
0.15123,3.6991
0.15143,3.6987
0.15163,3.6983
0.15183,3.6978
0.15203,3.6974
0.15223,3.6969
0.15243,3.6965
0.15263,3.6961
0.15283,3.6956
0.15303,3.6952
0.15323,3.6948
0.15343,3.6943
0.15363,3.6939
0.15383,3.6935
0.15403,3.693
0.15423,3.6926
0.15443,3.6922
0.15463,3.6917
0.15483,3.6913
0.15503,3.6909
0.15523,3.6904
0.15543,3.69
0.15563,3.6896
0.15583,3.6891
0.15603,3.6887
0.15623,3.6883
0.15643,3.6879
0.15663,3.6874
0.15683,3.687
0.15703,3.6866
0.15723,3.6862
0.15743,3.6857
0.15763,3.6853
0.15783,3.6849
0.15803,3.6845
0.15823,3.684
0.15843,3.6836
0.15863,3.6832
0.15883,3.6828
0.15903,3.6823
0.15923,3.6819
0.15943,3.6815
0.15963,3.6811
0.15983,3.6807
0.16003,3.6802
0.16023,3.6798
0.16043,3.6794
0.16063,3.679
0.16083,3.6786
0.16103,3.6782
0.16123,3.6777
0.16143,3.6773
0.16163,3.6769
0.16183,3.6765
0.16203,3.6761
0.16223,3.6757
0.16243,3.6753
0.16263,3.6749
0.16283,3.6744
0.16303,3.674
0.16323,3.6736
0.16343,3.6732
0.16363,3.6728
0.16383,3.6724
0.16403,3.672
0.16423,3.6716
0.16443,3.6712
0.16463,3.6708
0.16483,3.6704
0.16503,3.67
0.16523,3.6695
0.16543,3.6691
0.16563,3.6687
0.16583,3.6683
0.16603,3.6679
0.16623,3.6675
0.16643,3.6671
0.16663,3.6667
0.16683,3.6663
0.16703,3.6659
0.16723,3.6655
0.16743,3.6651
0.16763,3.6647
0.16783,3.6643
0.16803,3.6639
0.16823,3.6636
0.16843,3.6632
0.16863,3.6628
0.16883,3.6624
0.16903,3.662
0.16923,3.6616
0.16943,3.6612
0.16963,3.6608
0.16983,3.6604
0.17003,3.66
0.17023,3.6596
0.17043,3.6592
0.17063,3.6589
0.17083,3.6585
0.17103,3.6581
0.17123,3.6577
0.17143,3.6573
0.17163,3.6569
0.17183,3.6565
0.17203,3.6562
0.17223,3.6558
0.17243,3.6554
0.17263,3.655
0.17283,3.6546
0.17303,3.6542
0.17323,3.6539
0.17343,3.6535
0.17363,3.6531
0.17383,3.6527
0.17403,3.6523
0.17423,3.652
0.17443,3.6516
0.17463,3.6512
0.17483,3.6508
0.17504,3.6505
0.17524,3.6501
0.17544,3.6497
0.17564,3.6494
0.17584,3.649
0.17604,3.6486
0.17624,3.6482
0.17644,3.6479
0.17664,3.6475
0.17684,3.6471
0.17704,3.6468
0.17724,3.6464
0.17744,3.646
0.17764,3.6457
0.17784,3.6453
0.17804,3.6449
0.17824,3.6446
0.17844,3.6442
0.17864,3.6439
0.17884,3.6435
0.17904,3.6431
0.17924,3.6428
0.17944,3.6424
0.17964,3.6421
0.17984,3.6417
0.18004,3.6414
0.18024,3.641
0.18044,3.6406
0.18064,3.6403
0.18084,3.6399
0.18104,3.6396
0.18124,3.6392
0.18144,3.6389
0.18164,3.6385
0.18184,3.6382
0.18204,3.6378
0.18224,3.6375
0.18244,3.6371
0.18264,3.6368
0.18284,3.6364
0.18304,3.6361
0.18324,3.6358
0.18344,3.6354
0.18364,3.6351
0.18384,3.6347
0.18404,3.6344
0.18424,3.634
0.18444,3.6337
0.18464,3.6334
0.18484,3.633
0.18504,3.6327
0.18524,3.6324
0.18544,3.632
0.18564,3.6317
0.18584,3.6314
0.18604,3.631
0.18624,3.6307
0.18644,3.6304
0.18664,3.63
0.18684,3.6297
0.18704,3.6294
0.18724,3.629
0.18744,3.6287
0.18764,3.6284
0.18784,3.6281
0.18804,3.6277
0.18824,3.6274
0.18844,3.6271
0.18864,3.6268
0.18884,3.6264
0.18904,3.6261
0.18924,3.6258
0.18944,3.6255
0.18964,3.6252
0.18984,3.6248
0.19004,3.6245
0.19024,3.6242
0.19044,3.6239
0.19064,3.6236
0.19084,3.6233
0.19104,3.6229
0.19124,3.6226
0.19144,3.6223
0.19164,3.622
0.19184,3.6217
0.19204,3.6214
0.19224,3.6211
0.19244,3.6208
0.19264,3.6205
0.19284,3.6202
0.19304,3.6199
0.19324,3.6196
0.19344,3.6192
0.19364,3.6189
0.19384,3.6186
0.19404,3.6183
0.19424,3.618
0.19444,3.6177
0.19464,3.6174
0.19484,3.6171
0.19504,3.6169
0.19524,3.6166
0.19544,3.6163
0.19564,3.616
0.19584,3.6157
0.19604,3.6154
0.19624,3.6151
0.19644,3.6148
0.19664,3.6145
0.19684,3.6142
0.19704,3.6139
0.19724,3.6137
0.19744,3.6134
0.19764,3.6131
0.19784,3.6128
0.19804,3.6125
0.19824,3.6122
0.19844,3.612
0.19864,3.6117
0.19884,3.6114
0.19904,3.6111
0.19924,3.6108
0.19944,3.6106
0.19964,3.6103
0.19984,3.61
0.20004,3.6097
0.20024,3.6095
0.20044,3.6092
0.20064,3.6089
0.20084,3.6086
0.20104,3.6084
0.20124,3.6081
0.20144,3.6078
0.20164,3.6076
0.20184,3.6073
0.20204,3.607
0.20224,3.6068
0.20244,3.6065
0.20264,3.6063
0.20284,3.606
0.20304,3.6057
0.20324,3.6055
0.20344,3.6052
0.20364,3.605
0.20384,3.6047
0.20404,3.6044
0.20424,3.6042
0.20444,3.6039
0.20464,3.6037
0.20484,3.6034
0.20504,3.6032
0.20524,3.6029
0.20544,3.6027
0.20564,3.6024
0.20584,3.6022
0.20604,3.6019
0.20624,3.6017
0.20644,3.6015
0.20664,3.6012
0.20684,3.601
0.20704,3.6007
0.20724,3.6005
0.20744,3.6002
0.20764,3.6
0.20784,3.5998
0.20804,3.5995
0.20824,3.5993
0.20844,3.5991
0.20864,3.5988
0.20884,3.5986
0.20904,3.5984
0.20924,3.5981
0.20944,3.5979
0.20964,3.5977
0.20984,3.5975
0.21004,3.5972
0.21024,3.597
0.21044,3.5968
0.21064,3.5965
0.21084,3.5963
0.21104,3.5961
0.21124,3.5959
0.21144,3.5957
0.21164,3.5954
0.21184,3.5952
0.21204,3.595
0.21224,3.5948
0.21244,3.5946
0.21264,3.5944
0.21284,3.5942
0.21304,3.5939
0.21324,3.5937
0.21344,3.5935
0.21364,3.5933
0.21384,3.5931
0.21404,3.5929
0.21424,3.5927
0.21444,3.5925
0.21464,3.5923
0.21484,3.5921
0.21504,3.5919
0.21524,3.5917
0.21544,3.5915
0.21564,3.5913
0.21584,3.5911
0.21604,3.5909
0.21624,3.5907
0.21644,3.5905
0.21664,3.5903
0.21684,3.5901
0.21704,3.5899
0.21724,3.5897
0.21744,3.5895
0.21764,3.5894
0.21784,3.5892
0.21804,3.589
0.21824,3.5888
0.21844,3.5886
0.21864,3.5884
0.21884,3.5882
0.21904,3.5881
0.21924,3.5879
0.21944,3.5877
0.21964,3.5875
0.21984,3.5873
0.22004,3.5872
0.22024,3.587
0.22044,3.5868
0.22064,3.5867
0.22084,3.5865
0.22104,3.5863
0.22124,3.5861
0.22144,3.586
0.22164,3.5858
0.22184,3.5856
0.22204,3.5855
0.22224,3.5853
0.22244,3.5851
0.22264,3.585
0.22284,3.5848
0.22304,3.5847
0.22324,3.5845
0.22344,3.5843
0.22364,3.5842
0.22384,3.584
0.22404,3.5839
0.22424,3.5837
0.22444,3.5836
0.22464,3.5834
0.22484,3.5833
0.22505,3.5831
0.22525,3.583
0.22545,3.5828
0.22565,3.5827
0.22585,3.5825
0.22605,3.5824
0.22625,3.5822
0.22645,3.5821
0.22665,3.582
0.22685,3.5818
0.22705,3.5817
0.22725,3.5816
0.22745,3.5814
0.22765,3.5813
0.22785,3.5811
0.22805,3.581
0.22825,3.5809
0.22845,3.5808
0.22865,3.5806
0.22885,3.5805
0.22905,3.5804
0.22925,3.5802
0.22945,3.5801
0.22965,3.58
0.22985,3.5799
0.23005,3.5797
0.23025,3.5796
0.23045,3.5795
0.23065,3.5794
0.23085,3.5793
0.23105,3.5791
0.23125,3.579
0.23145,3.5789
0.23165,3.5788
0.23185,3.5787
0.23205,3.5786
0.23225,3.5785
0.23245,3.5784
0.23265,3.5783
0.23285,3.5782
0.23305,3.578
0.23325,3.5779
0.23345,3.5778
0.23365,3.5777
0.23385,3.5776
0.23405,3.5775
0.23425,3.5774
0.23445,3.5773
0.23465,3.5772
0.23485,3.5771
0.23505,3.5771
0.23525,3.577
0.23545,3.5769
0.23565,3.5768
0.23585,3.5767
0.23605,3.5766
0.23625,3.5765
0.23645,3.5764
0.23665,3.5763
0.23685,3.5763
0.23705,3.5762
0.23725,3.5761
0.23745,3.576
0.23765,3.5759
0.23785,3.5759
0.23805,3.5758
0.23825,3.5757
0.23845,3.5756
0.23865,3.5755
0.23885,3.5755
0.23905,3.5754
0.23925,3.5753
0.23945,3.5753
0.23965,3.5752
0.23985,3.5751
0.24005,3.5751
0.24025,3.575
0.24045,3.5749
0.24065,3.5749
0.24085,3.5748
0.24105,3.5747
0.24125,3.5747
0.24145,3.5746
0.24165,3.5746
0.24185,3.5745
0.24205,3.5745
0.24225,3.5744
0.24245,3.5744
0.24265,3.5743
0.24285,3.5743
0.24305,3.5742
0.24325,3.5742
0.24345,3.5741
0.24365,3.5741
0.24385,3.574
0.24405,3.574
0.24425,3.5739
0.24445,3.5739
0.24465,3.5739
0.24485,3.5738
0.24505,3.5738
0.24525,3.5737
0.24545,3.5737
0.24565,3.5737
0.24585,3.5736
0.24605,3.5736
0.24625,3.5736
0.24645,3.5736
0.24665,3.5735
0.24685,3.5735
0.24705,3.5735
0.24725,3.5734
0.24745,3.5734
0.24765,3.5734
0.24785,3.5734
0.24805,3.5734
0.24825,3.5733
0.24845,3.5733
0.24865,3.5733
0.24885,3.5733
0.24905,3.5733
0.24925,3.5733
0.24945,3.5733
0.24965,3.5732
0.24985,3.5732
0.25005,3.5732
0.25025,3.5732
0.25045,3.5732
0.25065,3.5732
0.25085,3.5732
0.25105,3.5732
0.25125,3.5732
0.25145,3.5732
0.63173,3.5726
0.63193,3.5713
0.63213,3.57
0.63233,3.5688
0.63253,3.5675
0.63273,3.5662
0.63293,3.565
0.63313,3.5637
0.63333,3.5624
0.63353,3.5611
0.63373,3.5599
0.63393,3.5586
0.63413,3.5573
0.63433,3.556
0.63453,3.5548
0.63473,3.5535
0.63493,3.5522
0.63513,3.5509
0.63533,3.5496
0.63553,3.5483
0.63573,3.547
0.63593,3.5457
0.63613,3.5445
0.63633,3.5432
0.63653,3.5419
0.63673,3.5406
0.63693,3.5393
0.63713,3.538
0.63733,3.5367
0.63753,3.5354
0.63773,3.5341
0.63793,3.5328
0.63813,3.5315
0.63833,3.5301
0.63853,3.5288
0.63873,3.5275
0.63893,3.5262
0.63913,3.5249
0.63933,3.5236
0.63953,3.5223
0.63973,3.521
0.63993,3.5196
0.64013,3.5183
0.64033,3.517
0.64053,3.5157
0.64073,3.5144
0.64093,3.513
0.64113,3.5117
0.64133,3.5104
0.64153,3.509
0.64173,3.5077
0.64193,3.5064
0.64213,3.5051
0.64233,3.5037
0.64253,3.5024
0.64273,3.5011
0.64293,3.4997
0.64313,3.4984
0.64333,3.497
0.64353,3.4957
0.64373,3.4944
0.64393,3.493
0.64413,3.4917
0.64433,3.4903
0.64453,3.489
0.64473,3.4876
0.64493,3.4863
0.64513,3.4849
0.64533,3.4836
0.64553,3.4822
0.64573,3.4809
0.64593,3.4795
0.64613,3.4782
0.64633,3.4768
0.64653,3.4754
0.64673,3.4741
0.64693,3.4727
0.64713,3.4714
0.64733,3.47
0.64753,3.4686
0.64773,3.4673
0.64793,3.4659
0.64813,3.4645
0.64833,3.4632
0.64853,3.4618
0.64873,3.4604
0.64893,3.459
0.64913,3.4577
0.64933,3.4563
0.64953,3.4549
0.64973,3.4535
0.64993,3.4522
0.65013,3.4508
0.65033,3.4494
0.65053,3.448
0.65073,3.4466
0.65093,3.4453
0.65113,3.4439
0.65133,3.4425
0.65153,3.4411
0.65173,3.4397
0.65193,3.4383
0.65213,3.4369
0.65233,3.4355
0.65253,3.4341
0.65273,3.4328
0.65293,3.4314
0.65313,3.43
0.65333,3.4286
0.65353,3.4272
0.65373,3.4258
0.65393,3.4244
0.65413,3.423
0.65433,3.4216
0.65453,3.4202
0.65473,3.4188
0.65493,3.4174
0.65513,3.416
0.65533,3.4145
0.65553,3.4131
0.65573,3.4117
0.65593,3.4103
0.65613,3.4089
0.65633,3.4075
0.65653,3.4061
0.65673,3.4047
0.65693,3.4033
0.65713,3.4018
0.65733,3.4004
0.65753,3.399
0.65773,3.3976
0.65793,3.3962
0.65813,3.3948
0.65833,3.3933
0.65853,3.3919
0.65873,3.3905
0.65893,3.3891
0.65913,3.3876
0.65933,3.3862
0.65953,3.3848
0.65973,3.3834
0.65993,3.3819
0.66013,3.3805
0.66033,3.3791
0.66053,3.3776
0.66073,3.3762
0.66093,3.3748
0.66113,3.3733
0.66133,3.3719
0.66153,3.3705
0.66173,3.369
0.66193,3.3676
0.66213,3.3662
0.66233,3.3647
0.66253,3.3633
0.66273,3.3618
0.66293,3.3604
0.66313,3.359
0.66333,3.3575
0.66353,3.3561
0.66373,3.3546
0.66393,3.3532
0.66413,3.3517
0.66433,3.3503
0.66453,3.3488
0.66473,3.3474
0.66493,3.3459
0.66513,3.3445
0.66533,3.343
0.66553,3.3416
0.66573,3.3401
0.66593,3.3387
0.66613,3.3372
0.66633,3.3358
0.66653,3.3343
0.66673,3.3328
0.66693,3.3314
0.66713,3.3299
0.66733,3.3285
0.66753,3.327
0.66773,3.3256
0.66793,3.3241
0.66813,3.3226
0.66833,3.3212
0.66853,3.3197
0.66873,3.3182
0.66893,3.3168
0.66913,3.3153
0.66933,3.3138
0.66953,3.3124
0.66973,3.3109
0.66993,3.3094
0.67013,3.308
0.67033,3.3065
0.67053,3.305
0.67073,3.3036
0.67093,3.3021
0.67113,3.3006
0.67133,3.2991
0.67153,3.2977
0.67173,3.2962
0.67193,3.2947
0.67213,3.2932
0.67233,3.2918
0.67253,3.2903
0.67273,3.2888
0.67293,3.2873
0.67313,3.2859
0.67333,3.2844
0.67353,3.2829
0.67373,3.2814
0.67393,3.2799
0.67413,3.2785
0.67433,3.277
0.67453,3.2755
0.67473,3.274
0.67493,3.2725
0.67514,3.271
0.67534,3.2696
0.67554,3.2681
0.67574,3.2666
0.67594,3.2651
0.67614,3.2636
0.67634,3.2621
0.67654,3.2606
0.67674,3.2591
0.67694,3.2577
0.67714,3.2562
0.67734,3.2547
0.67754,3.2532
0.67774,3.2517
0.67794,3.2502
0.67814,3.2487
0.67834,3.2472
0.67854,3.2457
0.67874,3.2442
0.67894,3.2427
0.67914,3.2412
0.67934,3.2397
0.67954,3.2382
0.67974,3.2367
0.67994,3.2353
0.68014,3.2338
0.68034,3.2323
0.68054,3.2308
0.68074,3.2293
0.68094,3.2278
0.68114,3.2263
0.68134,3.2248
0.68154,3.2233
0.68174,3.2218
0.68194,3.2203
0.68214,3.2188
0.68234,3.2173
0.68254,3.2158
0.68274,3.2143
0.68294,3.2128
0.68314,3.2112
0.68334,3.2097
0.68354,3.2082
0.68374,3.2067
0.68394,3.2052
0.68414,3.2037
0.68434,3.2022
0.68454,3.2007
0.68474,3.1992
0.68494,3.1977
0.68514,3.1962
0.68534,3.1947
0.68554,3.1932
0.68574,3.1917
0.68594,3.1902
0.68614,3.1887
0.68634,3.1871
0.68654,3.1856
0.68674,3.1841
0.68694,3.1826
0.68714,3.1811
0.68734,3.1796
0.68754,3.1781
0.68774,3.1766
0.68794,3.1751
0.68814,3.1736
0.68834,3.172
0.68854,3.1705
0.68874,3.169
0.68894,3.1675
0.68914,3.166
0.68934,3.1645
0.68954,3.163
0.68974,3.1615
0.68994,3.16
0.69014,3.1584
0.69034,3.1569
0.69054,3.1554
0.69074,3.1539
0.69094,3.1524
0.69114,3.1509
0.69134,3.1494
0.69154,3.1478
0.69174,3.1463
0.69194,3.1448
0.69214,3.1433
0.69234,3.1418
0.69254,3.1403
0.69274,3.1387
0.69294,3.1372
0.69314,3.1357
0.69334,3.1342
0.69354,3.1327
0.69374,3.1312
0.69394,3.1297
0.69414,3.1281
0.69434,3.1266
0.69454,3.1251
0.69474,3.1236
0.69494,3.1221
0.69514,3.1206
0.69534,3.119
0.69554,3.1175
0.69574,3.116
0.69594,3.1145
0.69614,3.113
0.69634,3.1115
0.69654,3.1099
0.69674,3.1084
0.69694,3.1069
0.69714,3.1054
0.69734,3.1039
0.69754,3.1023
0.69774,3.1008
0.69794,3.0993
0.69814,3.0978
0.69834,3.0963
0.69854,3.0948
0.69874,3.0932
0.69894,3.0917
0.69914,3.0902
0.69934,3.0887
0.69954,3.0872
0.69974,3.0857
0.69994,3.0841
0.70014,3.0826
0.70034,3.0811
0.70054,3.0796
0.70074,3.0781
0.70094,3.0766
0.70114,3.075
0.70134,3.0735
0.70154,3.072
0.70174,3.0705
0.70194,3.069
0.70214,3.0675
0.70234,3.0659
0.70254,3.0644
0.70274,3.0629
0.70294,3.0614
0.70314,3.0599
0.70334,3.0584
0.70354,3.0569
0.70374,3.0553
0.70394,3.0538
0.70414,3.0523
0.70434,3.0508
0.70454,3.0493
0.70474,3.0478
0.70494,3.0462
0.70514,3.0447
0.70534,3.0432
0.70554,3.0417
0.70574,3.0402
0.70594,3.0387
0.70614,3.0372
0.70634,3.0357
0.70654,3.0341
0.70674,3.0326
0.70694,3.0311
0.70714,3.0296
0.70734,3.0281
0.70754,3.0266
0.70774,3.0251
0.70794,3.0236
0.70814,3.022
0.70834,3.0205
0.70854,3.019
0.70874,3.0175
0.70894,3.016
0.70914,3.0145
0.70934,3.013
0.70954,3.0115
0.70974,3.01
0.70994,3.0085
0.71014,3.007
0.71034,3.0054
0.71054,3.0039
0.71074,3.0024
0.71094,3.0009
0.71114,2.9994
0.71134,2.9979
0.71154,2.9964
0.71174,2.9949
0.71194,2.9934
0.71214,2.9919
0.71234,2.9904
0.71254,2.9889
0.71274,2.9874
0.71294,2.9859
0.71314,2.9844
0.71334,2.9829
0.71354,2.9814
0.71374,2.9799
0.71394,2.9784
0.71414,2.9769
0.71434,2.9754
0.71454,2.9739
0.71474,2.9724
0.71494,2.9709
0.71514,2.9694
0.71534,2.9679
0.71554,2.9664
0.71574,2.9649
0.71594,2.9634
0.71614,2.9619
0.71634,2.9604
0.71654,2.9589
0.71674,2.9574
0.71694,2.9559
0.71714,2.9544
0.71734,2.9529
0.71754,2.9514
0.71774,2.9499
0.71794,2.9484
0.71814,2.947
0.71834,2.9455
0.71854,2.944
0.71874,2.9425
0.71894,2.941
0.71914,2.9395
0.71934,2.938
0.71954,2.9365
0.71974,2.935
0.71994,2.9336
0.72014,2.9321
0.72034,2.9306
0.72054,2.9291
0.72074,2.9276
0.72094,2.9261
0.72114,2.9246
0.72134,2.9232
0.72154,2.9217
0.72174,2.9202
0.72194,2.9187
0.72214,2.9172
0.72234,2.9158
0.72254,2.9143
0.72274,2.9128
0.72294,2.9113
0.72314,2.9099
0.72334,2.9084
0.72354,2.9069
0.72374,2.9054
0.72394,2.904
0.72414,2.9025
0.72434,2.901
0.72454,2.8995
0.72474,2.8981
0.72494,2.8966
0.72515,2.8951
0.72535,2.8937
0.72555,2.8922
0.72575,2.8907
0.72595,2.8893
0.72615,2.8878
0.72635,2.8863
0.72655,2.8849
0.72675,2.8834
0.72695,2.8819
0.72715,2.8805
0.72735,2.879
0.72755,2.8775
0.72775,2.8761
0.72795,2.8746
0.72815,2.8732
0.72835,2.8717
0.72855,2.8702
0.72875,2.8688
0.72895,2.8673
0.72915,2.8659
0.72935,2.8644
0.72955,2.863
0.72975,2.8615
0.72995,2.8601
0.73015,2.8586
0.73035,2.8572
0.73055,2.8557
0.73075,2.8543
0.73095,2.8528
0.73115,2.8514
0.73135,2.8499
0.73155,2.8485
0.73175,2.847
0.73195,2.8456
0.73215,2.8442
0.73235,2.8427
0.73255,2.8413
0.73275,2.8398
0.73295,2.8384
0.73315,2.837
0.73335,2.8355
0.73355,2.8341
0.73375,2.8327
0.73395,2.8312
0.73415,2.8298
0.73435,2.8284
0.73455,2.8269
0.73475,2.8255
0.73495,2.8241
0.73515,2.8226
0.73535,2.8212
0.73555,2.8198
0.73575,2.8184
0.73595,2.8169
0.73615,2.8155
0.73635,2.8141
0.73655,2.8127
0.73675,2.8113
0.73695,2.8098
0.73715,2.8084
0.73735,2.807
0.73755,2.8056
0.73775,2.8042
0.73795,2.8028
0.73815,2.8013
0.73835,2.7999
0.73855,2.7985
0.73875,2.7971
0.73895,2.7957
0.73915,2.7943
0.73935,2.7929
0.73955,2.7915
0.73975,2.7901
0.73995,2.7887
0.74015,2.7873
0.74035,2.7859
0.74055,2.7845
0.74075,2.7831
0.74095,2.7817
0.74115,2.7803
0.74135,2.7789
0.74155,2.7775
0.74175,2.7761
0.74195,2.7747
0.74215,2.7733
0.74235,2.7719
0.74255,2.7705
0.74275,2.7691
0.74295,2.7678
0.74315,2.7664
0.74335,2.765
0.74355,2.7636
0.74375,2.7622
0.74395,2.7608
0.74415,2.7595
0.74435,2.7581
0.74455,2.7567
0.74475,2.7553
0.74495,2.754
0.74515,2.7526
0.74535,2.7512
0.74555,2.7498
0.74575,2.7485
0.74595,2.7471
0.74615,2.7457
0.74635,2.7444
0.74655,2.743
0.74675,2.7416
0.74695,2.7403
0.74715,2.7389
0.74735,2.7376
0.74755,2.7362
0.74775,2.7348
0.74795,2.7335
0.74815,2.7321
0.74835,2.7308
0.74855,2.7294
0.74875,2.7281
0.74895,2.7267
0.74915,2.7254
0.74935,2.724
0.74955,2.7227
0.74975,2.7213
0.74995,2.72
0.75015,2.7187
0.75035,2.7173
0.75055,2.716
0.75075,2.7146
0.75095,2.7133
0.75115,2.712
0.75135,2.7106
0.75155,2.7093
0.75175,2.708
0.75195,2.7067
0.75215,2.7053
0.75235,2.704
0.75255,2.7027
0.75275,2.7014
0.75295,2.7
0.75315,2.6987
0.75335,2.6974
0.75355,2.6961
0.75375,2.6948
0.75395,2.6934
0.75415,2.6921
0.75435,2.6908
0.75455,2.6895
0.75475,2.6882
0.75495,2.6869
0.75515,2.6856
0.75535,2.6843
0.75555,2.683
0.75575,2.6817
0.75595,2.6804
0.75615,2.6791
0.75635,2.6778
0.75655,2.6765
0.75675,2.6752
0.75695,2.6739
0.75715,2.6726
0.75735,2.6713
0.75755,2.67
0.75775,2.6688
0.75795,2.6675
0.75815,2.6662
0.75835,2.6649
0.75855,2.6636
0.75875,2.6624
0.75895,2.6611
0.75915,2.6598
0.75935,2.6585
0.75955,2.6573
0.75975,2.656
0.75995,2.6547
0.76015,2.6534
0.76035,2.6522
0.76055,2.6509
0.76075,2.6497
0.76095,2.6484
0.76115,2.6471
0.76135,2.6459
0.76155,2.6446
0.76175,2.6434
0.76195,2.6421
0.76215,2.6409
0.76235,2.6396
0.76255,2.6384
0.76275,2.6371
0.76295,2.6359
0.76315,2.6346
0.76335,2.6334
0.76355,2.6322
0.76375,2.6309
0.76395,2.6297
0.76415,2.6284
0.76435,2.6272
0.76455,2.626
0.76475,2.6248
0.76495,2.6235
0.76515,2.6223
0.76535,2.6211
0.76555,2.6199
0.76575,2.6186
0.76595,2.6174
0.76615,2.6162
0.76635,2.615
0.76655,2.6138
0.76675,2.6126
0.76695,2.6114
0.76715,2.6101
0.76735,2.6089
0.76755,2.6077
0.76775,2.6065
0.76795,2.6053
0.76815,2.6041
0.76835,2.6029
0.76855,2.6017
0.76875,2.6005
0.76895,2.5994
0.76915,2.5982
0.76935,2.597
0.76955,2.5958
0.76975,2.5946
0.76995,2.5934
0.77015,2.5922
0.77035,2.5911
0.77055,2.5899
0.77075,2.5887
0.77095,2.5875
0.77115,2.5864
0.77135,2.5852
0.77155,2.584
0.77175,2.5829
0.77195,2.5817
0.77215,2.5805
0.77235,2.5794
0.77255,2.5782
0.77275,2.5771
0.77295,2.5759
0.77315,2.5747
0.77335,2.5736
0.77355,2.5724
0.77375,2.5713
0.77395,2.5702
0.77415,2.569
0.77435,2.5679
0.77455,2.5667
0.77475,2.5656
0.77495,2.5645
0.77516,2.5633
0.77536,2.5622
0.77556,2.5611
0.77576,2.5599
0.77596,2.5588
0.77616,2.5577
0.77636,2.5566
0.77656,2.5554
0.77676,2.5543
0.77696,2.5532
0.77716,2.5521
0.77736,2.551
0.77756,2.5499
0.77776,2.5488
0.77796,2.5477
0.77816,2.5466
0.77836,2.5455
0.77856,2.5444
0.77876,2.5433
0.77896,2.5422
0.77916,2.5411
0.77936,2.54
0.77956,2.5389
0.77976,2.5378
0.77996,2.5367
0.78016,2.5356
0.78036,2.5346
0.78056,2.5335
0.78076,2.5324
0.78096,2.5313
0.78116,2.5303
0.78136,2.5292
0.78156,2.5281
0.78176,2.527
0.78196,2.526
0.78216,2.5249
0.78236,2.5239
0.78256,2.5228
0.78276,2.5217
0.78296,2.5207
0.78316,2.5196
0.78336,2.5186
0.78356,2.5175
0.78376,2.5165
0.78396,2.5155
0.78416,2.5144
0.78436,2.5134
0.78456,2.5123
0.78476,2.5113
0.78496,2.5103
0.78516,2.5092
0.78536,2.5082
0.78556,2.5072
0.78576,2.5062
0.78596,2.5051
0.78616,2.5041
0.78636,2.5031
0.78656,2.5021
0.78676,2.5011
0.78696,2.5001
0.78716,2.4991
0.78736,2.4981
0.78756,2.497
0.78776,2.496
0.78796,2.495
0.78816,2.4941
0.78836,2.4931
0.78856,2.4921
0.78876,2.4911
0.78896,2.4901
0.78916,2.4891
0.78936,2.4881
0.78956,2.4871
0.78976,2.4862
0.78996,2.4852
0.79016,2.4842
0.79036,2.4832
0.79056,2.4823
0.79076,2.4813
0.79096,2.4803
0.79116,2.4794
0.79136,2.4784
0.79156,2.4774
0.79176,2.4765
0.79196,2.4755
0.79216,2.4746
0.79236,2.4736
0.79256,2.4727
0.79276,2.4717
0.79296,2.4708
0.79316,2.4699
0.79336,2.4689
0.79356,2.468
0.79376,2.4671
0.79396,2.4661
0.79416,2.4652
0.79436,2.4643
0.79456,2.4633
0.79476,2.4624
0.79496,2.4615
0.79516,2.4606
0.79536,2.4597
0.79556,2.4588
0.79576,2.4579
0.79596,2.457
0.79616,2.456
0.79636,2.4551
0.79656,2.4542
0.79676,2.4533
0.79696,2.4525
0.79716,2.4516
0.79736,2.4507
0.79756,2.4498
0.79776,2.4489
0.79796,2.448
0.79816,2.4471
0.79836,2.4463
0.79856,2.4454
0.79876,2.4445
0.79896,2.4436
0.79916,2.4428
0.79936,2.4419
0.79956,2.441
0.79976,2.4402
0.79996,2.4393
0.80016,2.4385
0.80036,2.4376
0.80056,2.4368
0.80076,2.4359
0.80096,2.4351
0.80116,2.4342
0.80136,2.4334
0.80156,2.4326
0.80176,2.4317
0.80196,2.4309
0.80216,2.4301
0.80236,2.4292
0.80256,2.4284
0.80276,2.4276
0.80296,2.4268
0.80316,2.4259
0.80336,2.4251
0.80356,2.4243
0.80376,2.4235
0.80396,2.4227
0.80416,2.4219
0.80436,2.4211
0.80456,2.4203
0.80476,2.4195
0.80496,2.4187
0.80516,2.4179
0.80536,2.4171
0.80556,2.4163
0.80576,2.4155
0.80596,2.4147
0.80616,2.414
0.80636,2.4132
0.80656,2.4124
0.80676,2.4116
0.80696,2.4109
0.80716,2.4101
0.80736,2.4093
0.80756,2.4086
0.80776,2.4078
0.80796,2.4071
0.80816,2.4063
0.80836,2.4056
0.80856,2.4048
0.80876,2.4041
0.80896,2.4033
0.80916,2.4026
0.80936,2.4018
0.80956,2.4011
0.80976,2.4004
0.80996,2.3996
0.81016,2.3989
0.81036,2.3982
0.81056,2.3975
0.81076,2.3968
0.81096,2.396
0.81116,2.3953
0.81136,2.3946
0.81156,2.3939
0.81176,2.3932
0.81196,2.3925
0.81216,2.3918
0.81236,2.3911
0.81256,2.3904
0.81276,2.3897
0.81296,2.389
0.81316,2.3883
0.81336,2.3876
0.81356,2.387
0.81376,2.3863
0.81396,2.3856
0.81416,2.3849
0.81436,2.3843
0.81456,2.3836
0.81476,2.3829
0.81496,2.3823
0.81516,2.3816
0.81536,2.3809
0.81556,2.3803
0.81576,2.3796
0.81596,2.379
0.81616,2.3783
0.81636,2.3777
0.81656,2.3771
0.81676,2.3764
0.81696,2.3758
0.81716,2.3751
0.81736,2.3745
0.81756,2.3739
0.81776,2.3733
0.81796,2.3726
0.81816,2.372
0.81836,2.3714
0.81856,2.3708
0.81876,2.3702
0.81896,2.3696
0.81916,2.369
0.81936,2.3684
0.81956,2.3678
0.81976,2.3672
0.81996,2.3666
0.82016,2.366
0.82036,2.3654
0.82056,2.3648
0.82076,2.3642
0.82096,2.3636
0.82116,2.3631
0.82136,2.3625
0.82156,2.3619
0.82176,2.3614
0.82196,2.3608
0.82216,2.3602
0.82236,2.3597
0.82256,2.3591
0.82276,2.3585
0.82296,2.358
0.82316,2.3574
0.82336,2.3569
0.82356,2.3564
0.82376,2.3558
0.82396,2.3553
0.82416,2.3547
0.82436,2.3542
0.82456,2.3537
0.82476,2.3532
0.82496,2.3526
0.82517,2.3521
0.82537,2.3516
0.82557,2.3511
0.82577,2.3506
0.82597,2.3501
0.82617,2.3496
0.82637,2.3491
0.82657,2.3486
0.82677,2.3481
0.82697,2.3476
0.82717,2.3471
0.82737,2.3466
0.82757,2.3461
0.82777,2.3456
0.82797,2.3451
0.82817,2.3447
0.82837,2.3442
0.82857,2.3437
0.82877,2.3432
0.82897,2.3428
0.82917,2.3423
0.82937,2.3418
0.82957,2.3414
0.82977,2.3409
0.82997,2.3405
0.83017,2.34
0.83037,2.3396
0.83057,2.3392
0.83077,2.3387
0.83097,2.3383
0.83117,2.3378
0.83137,2.3374
0.83157,2.337
0.83177,2.3366
0.83197,2.3361
0.83217,2.3357
0.83237,2.3353
0.83257,2.3349
0.83277,2.3345
0.83297,2.3341
0.83317,2.3337
0.83337,2.3333
0.83357,2.3329
0.83377,2.3325
0.83397,2.3321
0.83417,2.3317
0.83437,2.3313
0.83457,2.3309
0.83477,2.3305
0.83497,2.3302
0.83517,2.3298
0.83537,2.3294
0.83557,2.3291
0.83577,2.3287
0.83597,2.3283
0.83617,2.328
0.83637,2.3276
0.83657,2.3273
0.83677,2.3269
0.83697,2.3266
0.83717,2.3262
0.83737,2.3259
0.83757,2.3255
0.83777,2.3252
0.83797,2.3249
0.83817,2.3245
0.83837,2.3242
0.83857,2.3239
0.83877,2.3236
0.83897,2.3232
0.83917,2.3229
0.83937,2.3226
0.83957,2.3223
0.83977,2.322
0.83997,2.3217
0.84017,2.3214
0.84037,2.3211
0.84057,2.3208
0.84077,2.3205
0.84097,2.3202
0.84117,2.32
0.84137,2.3197
0.84157,2.3194
0.84177,2.3191
0.84197,2.3188
0.84217,2.3186
0.84237,2.3183
0.84257,2.3181
0.84277,2.3178
0.84297,2.3175
0.84317,2.3173
0.84337,2.317
0.84357,2.3168
0.84377,2.3165
0.84397,2.3163
0.84417,2.3161
0.84437,2.3158
0.84457,2.3156
0.84477,2.3154
0.84497,2.3151
0.84517,2.3149
0.84537,2.3147
0.84557,2.3145
0.84577,2.3143
0.84597,2.3141
0.84617,2.3138
0.84637,2.3136
0.84657,2.3134
0.84677,2.3132
0.84697,2.313
0.84717,2.3129
0.84737,2.3127
0.84757,2.3125
0.84777,2.3123
0.84797,2.3121
0.84817,2.3119
0.84837,2.3118
0.84857,2.3116
0.84877,2.3114
0.84897,2.3113
0.84917,2.3111
0.84937,2.3109
0.84957,2.3108
0.84977,2.3106
0.84997,2.3105
0.85017,2.3103
0.85037,2.3102
0.85057,2.3101
0.85077,2.3099
0.85097,2.3098
0.85117,2.3097
0.85137,2.3095
0.85157,2.3094
0.85177,2.3093
0.85197,2.3092
0.85217,2.3091
0.85237,2.3089
0.85257,2.3088
0.85277,2.3087
0.85297,2.3086
0.85317,2.3085
0.85337,2.3084
0.85357,2.3083
0.85377,2.3082
0.85397,2.3082
0.85417,2.3081
0.85437,2.308
0.85457,2.3079
0.85477,2.3078
0.85497,2.3078
0.85517,2.3077
0.85537,2.3076
0.85557,2.3076
0.85577,2.3075
0.85597,2.3075
0.85617,2.3074
0.85637,2.3074
0.85657,2.3073
0.85677,2.3073
0.85697,2.3072
0.85717,2.3072
0.85737,2.3072
0.85757,2.3071
0.85777,2.3071
0.85797,2.3071
0.85817,2.3071
0.85837,2.307
0.85857,2.307
0.85877,2.307
0.85897,2.307
0.85917,2.307
0.85937,2.307
