0,0,6
0.014286,0,5.9838
0.028571,0,5.9638
0.042857,0,5.9403
0.057143,0,5.9135
0.071429,0,5.884
0.085714,0,5.8523
0.1,0,5.8191
0.11429,0,5.7851
0.12857,0,5.7511
0.14286,0,5.7179
0.15714,0,5.6863
0.17143,0,5.6573
0.18571,0,5.6316
0.2,0,5.6098
0.21429,0,5.5926
0.22857,0,5.5807
0.24286,0,5.5743
0.25714,0,5.5737
0.64286,0,5.5002
0.65714,0,5.4018
0.67143,0,5.2984
0.68571,0,5.1918
0.7,0,5.0837
0.71429,0,4.9758
0.72857,0,4.8701
0.74286,0,4.7684
0.75714,0,4.6727
0.77143,0,4.5848
0.78571,0,4.5064
0.8,0,4.4392
0.81429,0,4.3845
0.82857,0,4.3437
0.84286,0,4.3177
0.85714,0,4.3072
0,0.014286,5.9838
0.014286,0.014286,5.9676
0.028571,0.014286,5.9476
0.042857,0.014286,5.9241
0.057143,0.014286,5.8973
0.071429,0.014286,5.8678
0.085714,0.014286,5.8361
0.1,0.014286,5.8029
0.11429,0.014286,5.7689
0.12857,0.014286,5.7349
0.14286,0.014286,5.7017
0.15714,0.014286,5.6701
0.17143,0.014286,5.6411
0.18571,0.014286,5.6154
0.2,0.014286,5.5936
0.21429,0.014286,5.5764
0.22857,0.014286,5.5645
0.24286,0.014286,5.5581
0.25714,0.014286,5.5575
0.64286,0.014286,5.484
0.65714,0.014286,5.3856
0.67143,0.014286,5.2822
0.68571,0.014286,5.1756
0.7,0.014286,5.0675
0.71429,0.014286,4.9596
0.72857,0.014286,4.8539
0.74286,0.014286,4.7522
0.75714,0.014286,4.6565
0.77143,0.014286,4.5686
0.78571,0.014286,4.4902
0.8,0.014286,4.423
0.81429,0.014286,4.3683
0.82857,0.014286,4.3275
0.84286,0.014286,4.3015
0.85714,0.014286,4.291
0,0.028571,5.9638
0.014286,0.028571,5.9476
0.028571,0.028571,5.9277
0.042857,0.028571,5.9041
0.057143,0.028571,5.8774
0.071429,0.028571,5.8479
0.085714,0.028571,5.8162
0.1,0.028571,5.7829
0.11429,0.028571,5.7489
0.12857,0.028571,5.7149
0.14286,0.028571,5.6817
0.15714,0.028571,5.6502
0.17143,0.028571,5.6211
0.18571,0.028571,5.5954
0.2,0.028571,5.5736
0.21429,0.028571,5.5565
0.22857,0.028571,5.5445
0.24286,0.028571,5.5381
0.25714,0.028571,5.5375
0.64286,0.028571,5.464
0.65714,0.028571,5.3656
0.67143,0.028571,5.2623
0.68571,0.028571,5.1557
0.7,0.028571,5.0475
0.71429,0.028571,4.9396
0.72857,0.028571,4.8339
0.74286,0.028571,4.7322
0.75714,0.028571,4.6365
0.77143,0.028571,4.5486
0.78571,0.028571,4.4702
0.8,0.028571,4.403
0.81429,0.028571,4.3483
0.82857,0.028571,4.3075
0.84286,0.028571,4.2815
0.85714,0.028571,4.271
0,0.042857,5.9403
0.014286,0.042857,5.9241
0.028571,0.042857,5.9041
0.042857,0.042857,5.8806
0.057143,0.042857,5.8538
0.071429,0.042857,5.8243
0.085714,0.042857,5.7926
0.1,0.042857,5.7594
0.11429,0.042857,5.7254
0.12857,0.042857,5.6914
0.14286,0.042857,5.6582
0.15714,0.042857,5.6266
0.17143,0.042857,5.5976
0.18571,0.042857,5.5719
0.2,0.042857,5.5501
0.21429,0.042857,5.5329
0.22857,0.042857,5.521
0.24286,0.042857,5.5146
0.25714,0.042857,5.514
0.64286,0.042857,5.4405
0.65714,0.042857,5.3421
0.67143,0.042857,5.2387
0.68571,0.042857,5.1321
0.7,0.042857,5.024
0.71429,0.042857,4.9161
0.72857,0.042857,4.8104
0.74286,0.042857,4.7087
0.75714,0.042857,4.613
0.77143,0.042857,4.5251
0.78571,0.042857,4.4467
0.8,0.042857,4.3795
0.81429,0.042857,4.3248
0.82857,0.042857,4.284
0.84286,0.042857,4.258
0.85714,0.042857,4.2475
0,0.057143,5.9135
0.014286,0.057143,5.8973
0.028571,0.057143,5.8774
0.042857,0.057143,5.8538
0.057143,0.057143,5.8271
0.071429,0.057143,5.7976
0.085714,0.057143,5.7659
0.1,0.057143,5.7326
0.11429,0.057143,5.6986
0.12857,0.057143,5.6646
0.14286,0.057143,5.6314
0.15714,0.057143,5.5999
0.17143,0.057143,5.5709
0.18571,0.057143,5.5451
0.2,0.057143,5.5233
0.21429,0.057143,5.5062
0.22857,0.057143,5.4942
0.24286,0.057143,5.4878
0.25714,0.057143,5.4872
0.64286,0.057143,5.4137
0.65714,0.057143,5.3153
0.67143,0.057143,5.212
0.68571,0.057143,5.1054
0.7,0.057143,4.9972
0.71429,0.057143,4.8893
0.72857,0.057143,4.7836
0.74286,0.057143,4.6819
0.75714,0.057143,4.5862
0.77143,0.057143,4.4983
0.78571,0.057143,4.4199
0.8,0.057143,4.3527
0.81429,0.057143,4.2981
0.82857,0.057143,4.2572
0.84286,0.057143,4.2312
0.85714,0.057143,4.2208
0,0.071429,5.884
0.014286,0.071429,5.8678
0.028571,0.071429,5.8479
0.042857,0.071429,5.8243
0.057143,0.071429,5.7976
0.071429,0.071429,5.7681
0.085714,0.071429,5.7364
0.1,0.071429,5.7031
0.11429,0.071429,5.6691
0.12857,0.071429,5.6351
0.14286,0.071429,5.6019
0.15714,0.071429,5.5704
0.17143,0.071429,5.5414
0.18571,0.071429,5.5156
0.2,0.071429,5.4938
0.21429,0.071429,5.4767
0.22857,0.071429,5.4647
0.24286,0.071429,5.4583
0.25714,0.071429,5.4577
0.64286,0.071429,5.3842
0.65714,0.071429,5.2858
0.67143,0.071429,5.1825
0.68571,0.071429,5.0759
0.7,0.071429,4.9677
0.71429,0.071429,4.8598
0.72857,0.071429,4.7541
0.74286,0.071429,4.6524
0.75714,0.071429,4.5567
0.77143,0.071429,4.4688
0.78571,0.071429,4.3904
0.8,0.071429,4.3232
0.81429,0.071429,4.2686
0.82857,0.071429,4.2277
0.84286,0.071429,4.2017
0.85714,0.071429,4.1912
0,0.085714,5.8523
0.014286,0.085714,5.8361
0.028571,0.085714,5.8162
0.042857,0.085714,5.7926
0.057143,0.085714,5.7659
0.071429,0.085714,5.7364
0.085714,0.085714,5.7047
0.1,0.085714,5.6714
0.11429,0.085714,5.6374
0.12857,0.085714,5.6034
0.14286,0.085714,5.5702
0.15714,0.085714,5.5387
0.17143,0.085714,5.5096
0.18571,0.085714,5.4839
0.2,0.085714,5.4621
0.21429,0.085714,5.445
0.22857,0.085714,5.433
0.24286,0.085714,5.4266
0.25714,0.085714,5.426
0.64286,0.085714,5.3525
0.65714,0.085714,5.2541
0.67143,0.085714,5.1508
0.68571,0.085714,5.0442
0.7,0.085714,4.936
0.71429,0.085714,4.8281
0.72857,0.085714,4.7224
0.74286,0.085714,4.6207
0.75714,0.085714,4.525
0.77143,0.085714,4.4371
0.78571,0.085714,4.3587
0.8,0.085714,4.2915
0.81429,0.085714,4.2368
0.82857,0.085714,4.196
0.84286,0.085714,4.17
0.85714,0.085714,4.1595
0,0.1,5.8191
0.014286,0.1,5.8029
0.028571,0.1,5.7829
0.042857,0.1,5.7594
0.057143,0.1,5.7326
0.071429,0.1,5.7031
0.085714,0.1,5.6714
0.1,0.1,5.6382
0.11429,0.1,5.6042
0.12857,0.1,5.5702
0.14286,0.1,5.537
0.15714,0.1,5.5054
0.17143,0.1,5.4764
0.18571,0.1,5.4507
0.2,0.1,5.4289
0.21429,0.1,5.4117
0.22857,0.1,5.3998
0.24286,0.1,5.3934
0.25714,0.1,5.3928
0.64286,0.1,5.3193
0.65714,0.1,5.2209
0.67143,0.1,5.1175
0.68571,0.1,5.0109
0.7,0.1,4.9028
0.71429,0.1,4.7949
0.72857,0.1,4.6892
0.74286,0.1,4.5875
0.75714,0.1,4.4918
0.77143,0.1,4.4039
0.78571,0.1,4.3255
0.8,0.1,4.2583
0.81429,0.1,4.2036
0.82857,0.1,4.1628
0.84286,0.1,4.1368
0.85714,0.1,4.1263
0,0.11429,5.7851
0.014286,0.11429,5.7689
0.028571,0.11429,5.7489
0.042857,0.11429,5.7254
0.057143,0.11429,5.6986
0.071429,0.11429,5.6691
0.085714,0.11429,5.6374
0.1,0.11429,5.6042
0.11429,0.11429,5.5701
0.12857,0.11429,5.5361
0.14286,0.11429,5.5029
0.15714,0.11429,5.4714
0.17143,0.11429,5.4424
0.18571,0.11429,5.4166
0.2,0.11429,5.3949
0.21429,0.11429,5.3777
0.22857,0.11429,5.3657
0.24286,0.11429,5.3593
0.25714,0.11429,5.3587
0.64286,0.11429,5.2853
0.65714,0.11429,5.1868
0.67143,0.11429,5.0835
0.68571,0.11429,4.9769
0.7,0.11429,4.8688
0.71429,0.11429,4.7609
0.72857,0.11429,4.6551
0.74286,0.11429,4.5535
0.75714,0.11429,4.4577
0.77143,0.11429,4.3698
0.78571,0.11429,4.2915
0.8,0.11429,4.2242
0.81429,0.11429,4.1696
0.82857,0.11429,4.1288
0.84286,0.11429,4.1028
0.85714,0.11429,4.0923
0,0.12857,5.7511
0.014286,0.12857,5.7349
0.028571,0.12857,5.7149
0.042857,0.12857,5.6914
0.057143,0.12857,5.6646
0.071429,0.12857,5.6351
0.085714,0.12857,5.6034
0.1,0.12857,5.5702
0.11429,0.12857,5.5361
0.12857,0.12857,5.5021
0.14286,0.12857,5.4689
0.15714,0.12857,5.4374
0.17143,0.12857,5.4084
0.18571,0.12857,5.3826
0.2,0.12857,5.3608
0.21429,0.12857,5.3437
0.22857,0.12857,5.3317
0.24286,0.12857,5.3253
0.25714,0.12857,5.3247
0.64286,0.12857,5.2512
0.65714,0.12857,5.1528
0.67143,0.12857,5.0495
0.68571,0.12857,4.9429
0.7,0.12857,4.8347
0.71429,0.12857,4.7269
0.72857,0.12857,4.6211
0.74286,0.12857,4.5194
0.75714,0.12857,4.4237
0.77143,0.12857,4.3358
0.78571,0.12857,4.2574
0.8,0.12857,4.1902
0.81429,0.12857,4.1356
0.82857,0.12857,4.0947
0.84286,0.12857,4.0687
0.85714,0.12857,4.0583
0,0.14286,5.7179
0.014286,0.14286,5.7017
0.028571,0.14286,5.6817
0.042857,0.14286,5.6582
0.057143,0.14286,5.6314
0.071429,0.14286,5.6019
0.085714,0.14286,5.5702
0.1,0.14286,5.537
0.11429,0.14286,5.5029
0.12857,0.14286,5.4689
0.14286,0.14286,5.4357
0.15714,0.14286,5.4042
0.17143,0.14286,5.3752
0.18571,0.14286,5.3494
0.2,0.14286,5.3277
0.21429,0.14286,5.3105
0.22857,0.14286,5.2985
0.24286,0.14286,5.2921
0.25714,0.14286,5.2915
0.64286,0.14286,5.2181
0.65714,0.14286,5.1196
0.67143,0.14286,5.0163
0.68571,0.14286,4.9097
0.7,0.14286,4.8016
0.71429,0.14286,4.6937
0.72857,0.14286,4.5879
0.74286,0.14286,4.4863
0.75714,0.14286,4.3905
0.77143,0.14286,4.3026
0.78571,0.14286,4.2242
0.8,0.14286,4.157
0.81429,0.14286,4.1024
0.82857,0.14286,4.0616
0.84286,0.14286,4.0355
0.85714,0.14286,4.0251
0,0.15714,5.6863
0.014286,0.15714,5.6701
0.028571,0.15714,5.6502
0.042857,0.15714,5.6266
0.057143,0.15714,5.5999
0.071429,0.15714,5.5704
0.085714,0.15714,5.5387
0.1,0.15714,5.5054
0.11429,0.15714,5.4714
0.12857,0.15714,5.4374
0.14286,0.15714,5.4042
0.15714,0.15714,5.3727
0.17143,0.15714,5.3437
0.18571,0.15714,5.3179
0.2,0.15714,5.2961
0.21429,0.15714,5.279
0.22857,0.15714,5.267
0.24286,0.15714,5.2606
0.25714,0.15714,5.26
0.64286,0.15714,5.1865
0.65714,0.15714,5.0881
0.67143,0.15714,4.9848
0.68571,0.15714,4.8782
0.7,0.15714,4.77
0.71429,0.15714,4.6621
0.72857,0.15714,4.5564
0.74286,0.15714,4.4547
0.75714,0.15714,4.359
0.77143,0.15714,4.2711
0.78571,0.15714,4.1927
0.8,0.15714,4.1255
0.81429,0.15714,4.0709
0.82857,0.15714,4.03
0.84286,0.15714,4.004
0.85714,0.15714,3.9936
0,0.17143,5.6573
0.014286,0.17143,5.6411
0.028571,0.17143,5.6211
0.042857,0.17143,5.5976
0.057143,0.17143,5.5709
0.071429,0.17143,5.5414
0.085714,0.17143,5.5096
0.1,0.17143,5.4764
0.11429,0.17143,5.4424
0.12857,0.17143,5.4084
0.14286,0.17143,5.3752
0.15714,0.17143,5.3437
0.17143,0.17143,5.3146
0.18571,0.17143,5.2889
0.2,0.17143,5.2671
0.21429,0.17143,5.25
0.22857,0.17143,5.238
0.24286,0.17143,5.2316
0.25714,0.17143,5.231
0.64286,0.17143,5.1575
0.65714,0.17143,5.0591
0.67143,0.17143,4.9558
0.68571,0.17143,4.8492
0.7,0.17143,4.741
0.71429,0.17143,4.6331
0.72857,0.17143,4.5274
0.74286,0.17143,4.4257
0.75714,0.17143,4.33
0.77143,0.17143,4.2421
0.78571,0.17143,4.1637
0.8,0.17143,4.0965
0.81429,0.17143,4.0418
0.82857,0.17143,4.001
0.84286,0.17143,3.975
0.85714,0.17143,3.9645
0,0.18571,5.6316
0.014286,0.18571,5.6154
0.028571,0.18571,5.5954
0.042857,0.18571,5.5719
0.057143,0.18571,5.5451
0.071429,0.18571,5.5156
0.085714,0.18571,5.4839
0.1,0.18571,5.4507
0.11429,0.18571,5.4166
0.12857,0.18571,5.3826
0.14286,0.18571,5.3494
0.15714,0.18571,5.3179
0.17143,0.18571,5.2889
0.18571,0.18571,5.2631
0.2,0.18571,5.2413
0.21429,0.18571,5.2242
0.22857,0.18571,5.2122
0.24286,0.18571,5.2058
0.25714,0.18571,5.2052
0.64286,0.18571,5.1317
0.65714,0.18571,5.0333
0.67143,0.18571,4.93
0.68571,0.18571,4.8234
0.7,0.18571,4.7152
0.71429,0.18571,4.6074
0.72857,0.18571,4.5016
0.74286,0.18571,4.3999
0.75714,0.18571,4.3042
0.77143,0.18571,4.2163
0.78571,0.18571,4.1379
0.8,0.18571,4.0707
0.81429,0.18571,4.0161
0.82857,0.18571,3.9752
0.84286,0.18571,3.9492
0.85714,0.18571,3.9388
0,0.2,5.6098
0.014286,0.2,5.5936
0.028571,0.2,5.5736
0.042857,0.2,5.5501
0.057143,0.2,5.5233
0.071429,0.2,5.4938
0.085714,0.2,5.4621
0.1,0.2,5.4289
0.11429,0.2,5.3949
0.12857,0.2,5.3608
0.14286,0.2,5.3277
0.15714,0.2,5.2961
0.17143,0.2,5.2671
0.18571,0.2,5.2413
0.2,0.2,5.2196
0.21429,0.2,5.2024
0.22857,0.2,5.1905
0.24286,0.2,5.184
0.25714,0.2,5.1835
0.64286,0.2,5.11
0.65714,0.2,5.0116
0.67143,0.2,4.9082
0.68571,0.2,4.8016
0.7,0.2,4.6935
0.71429,0.2,4.5856
0.72857,0.2,4.4798
0.74286,0.2,4.3782
0.75714,0.2,4.2825
0.77143,0.2,4.1945
0.78571,0.2,4.1162
0.8,0.2,4.0489
0.81429,0.2,3.9943
0.82857,0.2,3.9535
0.84286,0.2,3.9275
0.85714,0.2,3.917
0,0.21429,5.5926
0.014286,0.21429,5.5764
0.028571,0.21429,5.5565
0.042857,0.21429,5.5329
0.057143,0.21429,5.5062
0.071429,0.21429,5.4767
0.085714,0.21429,5.445
0.1,0.21429,5.4117
0.11429,0.21429,5.3777
0.12857,0.21429,5.3437
0.14286,0.21429,5.3105
0.15714,0.21429,5.279
0.17143,0.21429,5.25
0.18571,0.21429,5.2242
0.2,0.21429,5.2024
0.21429,0.21429,5.1853
0.22857,0.21429,5.1733
0.24286,0.21429,5.1669
0.25714,0.21429,5.1663
0.64286,0.21429,5.0928
0.65714,0.21429,4.9944
0.67143,0.21429,4.8911
0.68571,0.21429,4.7845
0.7,0.21429,4.6763
0.71429,0.21429,4.5684
0.72857,0.21429,4.4627
0.74286,0.21429,4.361
0.75714,0.21429,4.2653
0.77143,0.21429,4.1774
0.78571,0.21429,4.099
0.8,0.21429,4.0318
0.81429,0.21429,3.9772
0.82857,0.21429,3.9363
0.84286,0.21429,3.9103
0.85714,0.21429,3.8999
0,0.22857,5.5807
0.014286,0.22857,5.5645
0.028571,0.22857,5.5445
0.042857,0.22857,5.521
0.057143,0.22857,5.4942
0.071429,0.22857,5.4647
0.085714,0.22857,5.433
0.1,0.22857,5.3998
0.11429,0.22857,5.3657
0.12857,0.22857,5.3317
0.14286,0.22857,5.2985
0.15714,0.22857,5.267
0.17143,0.22857,5.238
0.18571,0.22857,5.2122
0.2,0.22857,5.1905
0.21429,0.22857,5.1733
0.22857,0.22857,5.1613
0.24286,0.22857,5.1549
0.25714,0.22857,5.1543
0.64286,0.22857,5.0809
0.65714,0.22857,4.9824
0.67143,0.22857,4.8791
0.68571,0.22857,4.7725
0.7,0.22857,4.6644
0.71429,0.22857,4.5565
0.72857,0.22857,4.4507
0.74286,0.22857,4.3491
0.75714,0.22857,4.2533
0.77143,0.22857,4.1654
0.78571,0.22857,4.0871
0.8,0.22857,4.0198
0.81429,0.22857,3.9652
0.82857,0.22857,3.9244
0.84286,0.22857,3.8983
0.85714,0.22857,3.8879
0,0.24286,5.5743
0.014286,0.24286,5.5581
0.028571,0.24286,5.5381
0.042857,0.24286,5.5146
0.057143,0.24286,5.4878
0.071429,0.24286,5.4583
0.085714,0.24286,5.4266
0.1,0.24286,5.3934
0.11429,0.24286,5.3593
0.12857,0.24286,5.3253
0.14286,0.24286,5.2921
0.15714,0.24286,5.2606
0.17143,0.24286,5.2316
0.18571,0.24286,5.2058
0.2,0.24286,5.184
0.21429,0.24286,5.1669
0.22857,0.24286,5.1549
0.24286,0.24286,5.1485
0.25714,0.24286,5.1479
0.64286,0.24286,5.0744
0.65714,0.24286,4.976
0.67143,0.24286,4.8727
0.68571,0.24286,4.7661
0.7,0.24286,4.6579
0.71429,0.24286,4.5501
0.72857,0.24286,4.4443
0.74286,0.24286,4.3426
0.75714,0.24286,4.2469
0.77143,0.24286,4.159
0.78571,0.24286,4.0806
0.8,0.24286,4.0134
0.81429,0.24286,3.9588
0.82857,0.24286,3.9179
0.84286,0.24286,3.8919
0.85714,0.24286,3.8815
0,0.25714,5.5737
0.014286,0.25714,5.5575
0.028571,0.25714,5.5375
0.042857,0.25714,5.514
0.057143,0.25714,5.4872
0.071429,0.25714,5.4577
0.085714,0.25714,5.426
0.1,0.25714,5.3928
0.11429,0.25714,5.3587
0.12857,0.25714,5.3247
0.14286,0.25714,5.2915
0.15714,0.25714,5.26
0.17143,0.25714,5.231
0.18571,0.25714,5.2052
0.2,0.25714,5.1835
0.21429,0.25714,5.1663
0.22857,0.25714,5.1543
0.24286,0.25714,5.1479
0.25714,0.25714,5.1473
0.64286,0.25714,5.0739
0.65714,0.25714,4.9754
0.67143,0.25714,4.8721
0.68571,0.25714,4.7655
0.7,0.25714,4.6574
0.71429,0.25714,4.5495
0.72857,0.25714,4.4437
0.74286,0.25714,4.3421
0.75714,0.25714,4.2463
0.77143,0.25714,4.1584
0.78571,0.25714,4.0801
0.8,0.25714,4.0128
0.81429,0.25714,3.9582
0.82857,0.25714,3.9174
0.84286,0.25714,3.8914
0.85714,0.25714,3.8809
0,0.64286,5.5002
0.014286,0.64286,5.484
0.028571,0.64286,5.464
0.042857,0.64286,5.4405
0.057143,0.64286,5.4137
0.071429,0.64286,5.3842
0.085714,0.64286,5.3525
0.1,0.64286,5.3193
0.11429,0.64286,5.2853
0.12857,0.64286,5.2512
0.14286,0.64286,5.2181
0.15714,0.64286,5.1865
0.17143,0.64286,5.1575
0.18571,0.64286,5.1317
0.2,0.64286,5.11
0.21429,0.64286,5.0928
0.22857,0.64286,5.0809
0.24286,0.64286,5.0744
0.25714,0.64286,5.0739
0.64286,0.64286,5.0004
0.65714,0.64286,4.902
0.67143,0.64286,4.7986
0.68571,0.64286,4.692
0.7,0.64286,4.5839
0.71429,0.64286,4.476
0.72857,0.64286,4.3703
0.74286,0.64286,4.2686
0.75714,0.64286,4.1729
0.77143,0.64286,4.0849
0.78571,0.64286,4.0066
0.8,0.64286,3.9393
0.81429,0.64286,3.8847
0.82857,0.64286,3.8439
0.84286,0.64286,3.8179
0.85714,0.64286,3.8074
0,0.65714,5.4018
0.014286,0.65714,5.3856
0.028571,0.65714,5.3656
0.042857,0.65714,5.3421
0.057143,0.65714,5.3153
0.071429,0.65714,5.2858
0.085714,0.65714,5.2541
0.1,0.65714,5.2209
0.11429,0.65714,5.1868
0.12857,0.65714,5.1528
0.14286,0.65714,5.1196
0.15714,0.65714,5.0881
0.17143,0.65714,5.0591
0.18571,0.65714,5.0333
0.2,0.65714,5.0116
0.21429,0.65714,4.9944
0.22857,0.65714,4.9824
0.24286,0.65714,4.976
0.25714,0.65714,4.9754
0.64286,0.65714,4.902
0.65714,0.65714,4.8035
0.67143,0.65714,4.7002
0.68571,0.65714,4.5936
0.7,0.65714,4.4855
0.71429,0.65714,4.3776
0.72857,0.65714,4.2718
0.74286,0.65714,4.1702
0.75714,0.65714,4.0744
0.77143,0.65714,3.9865
0.78571,0.65714,3.9081
0.8,0.65714,3.8409
0.81429,0.65714,3.7863
0.82857,0.65714,3.7455
0.84286,0.65714,3.7194
0.85714,0.65714,3.709
0,0.67143,5.2984
0.014286,0.67143,5.2822
0.028571,0.67143,5.2623
0.042857,0.67143,5.2387
0.057143,0.67143,5.212
0.071429,0.67143,5.1825
0.085714,0.67143,5.1508
0.1,0.67143,5.1175
0.11429,0.67143,5.0835
0.12857,0.67143,5.0495
0.14286,0.67143,5.0163
0.15714,0.67143,4.9848
0.17143,0.67143,4.9558
0.18571,0.67143,4.93
0.2,0.67143,4.9082
0.21429,0.67143,4.8911
0.22857,0.67143,4.8791
0.24286,0.67143,4.8727
0.25714,0.67143,4.8721
0.64286,0.67143,4.7986
0.65714,0.67143,4.7002
0.67143,0.67143,4.5969
0.68571,0.67143,4.4903
0.7,0.67143,4.3821
0.71429,0.67143,4.2742
0.72857,0.67143,4.1685
0.74286,0.67143,4.0668
0.75714,0.67143,3.9711
0.77143,0.67143,3.8832
0.78571,0.67143,3.8048
0.8,0.67143,3.7376
0.81429,0.67143,3.683
0.82857,0.67143,3.6421
0.84286,0.67143,3.6161
0.85714,0.67143,3.6057
0,0.68571,5.1918
0.014286,0.68571,5.1756
0.028571,0.68571,5.1557
0.042857,0.68571,5.1321
0.057143,0.68571,5.1054
0.071429,0.68571,5.0759
0.085714,0.68571,5.0442
0.1,0.68571,5.0109
0.11429,0.68571,4.9769
0.12857,0.68571,4.9429
0.14286,0.68571,4.9097
0.15714,0.68571,4.8782
0.17143,0.68571,4.8492
0.18571,0.68571,4.8234
0.2,0.68571,4.8016
0.21429,0.68571,4.7845
0.22857,0.68571,4.7725
0.24286,0.68571,4.7661
0.25714,0.68571,4.7655
0.64286,0.68571,4.692
0.65714,0.68571,4.5936
0.67143,0.68571,4.4903
0.68571,0.68571,4.3837
0.7,0.68571,4.2755
0.71429,0.68571,4.1676
0.72857,0.68571,4.0619
0.74286,0.68571,3.9602
0.75714,0.68571,3.8645
0.77143,0.68571,3.7766
0.78571,0.68571,3.6982
0.8,0.68571,3.631
0.81429,0.68571,3.5764
0.82857,0.68571,3.5355
0.84286,0.68571,3.5095
0.85714,0.68571,3.4991
0,0.7,5.0837
0.014286,0.7,5.0675
0.028571,0.7,5.0475
0.042857,0.7,5.024
0.057143,0.7,4.9972
0.071429,0.7,4.9677
0.085714,0.7,4.936
0.1,0.7,4.9028
0.11429,0.7,4.8688
0.12857,0.7,4.8347
0.14286,0.7,4.8016
0.15714,0.7,4.77
0.17143,0.7,4.741
0.18571,0.7,4.7152
0.2,0.7,4.6935
0.21429,0.7,4.6763
0.22857,0.7,4.6644
0.24286,0.7,4.6579
0.25714,0.7,4.6574
0.64286,0.7,4.5839
0.65714,0.7,4.4855
0.67143,0.7,4.3821
0.68571,0.7,4.2755
0.7,0.7,4.1674
0.71429,0.7,4.0595
0.72857,0.7,3.9537
0.74286,0.7,3.8521
0.75714,0.7,3.7564
0.77143,0.7,3.6684
0.78571,0.7,3.5901
0.8,0.7,3.5228
0.81429,0.7,3.4682
0.82857,0.7,3.4274
0.84286,0.7,3.4014
0.85714,0.7,3.3909
0,0.71429,4.9758
0.014286,0.71429,4.9596
0.028571,0.71429,4.9396
0.042857,0.71429,4.9161
0.057143,0.71429,4.8893
0.071429,0.71429,4.8598
0.085714,0.71429,4.8281
0.1,0.71429,4.7949
0.11429,0.71429,4.7609
0.12857,0.71429,4.7269
0.14286,0.71429,4.6937
0.15714,0.71429,4.6621
0.17143,0.71429,4.6331
0.18571,0.71429,4.6074
0.2,0.71429,4.5856
0.21429,0.71429,4.5684
0.22857,0.71429,4.5565
0.24286,0.71429,4.5501
0.25714,0.71429,4.5495
0.64286,0.71429,4.476
0.65714,0.71429,4.3776
0.67143,0.71429,4.2742
0.68571,0.71429,4.1676
0.7,0.71429,4.0595
0.71429,0.71429,3.9516
0.72857,0.71429,3.8459
0.74286,0.71429,3.7442
0.75714,0.71429,3.6485
0.77143,0.71429,3.5606
0.78571,0.71429,3.4822
0.8,0.71429,3.415
0.81429,0.71429,3.3603
0.82857,0.71429,3.3195
0.84286,0.71429,3.2935
0.85714,0.71429,3.283
0,0.72857,4.8701
0.014286,0.72857,4.8539
0.028571,0.72857,4.8339
0.042857,0.72857,4.8104
0.057143,0.72857,4.7836
0.071429,0.72857,4.7541
0.085714,0.72857,4.7224
0.1,0.72857,4.6892
0.11429,0.72857,4.6551
0.12857,0.72857,4.6211
0.14286,0.72857,4.5879
0.15714,0.72857,4.5564
0.17143,0.72857,4.5274
0.18571,0.72857,4.5016
0.2,0.72857,4.4798
0.21429,0.72857,4.4627
0.22857,0.72857,4.4507
0.24286,0.72857,4.4443
0.25714,0.72857,4.4437
0.64286,0.72857,4.3703
0.65714,0.72857,4.2718
0.67143,0.72857,4.1685
0.68571,0.72857,4.0619
0.7,0.72857,3.9537
0.71429,0.72857,3.8459
0.72857,0.72857,3.7401
0.74286,0.72857,3.6384
0.75714,0.72857,3.5427
0.77143,0.72857,3.4548
0.78571,0.72857,3.3764
0.8,0.72857,3.3092
0.81429,0.72857,3.2546
0.82857,0.72857,3.2138
0.84286,0.72857,3.1877
0.85714,0.72857,3.1773
0,0.74286,4.7684
0.014286,0.74286,4.7522
0.028571,0.74286,4.7322
0.042857,0.74286,4.7087
0.057143,0.74286,4.6819
0.071429,0.74286,4.6524
0.085714,0.74286,4.6207
0.1,0.74286,4.5875
0.11429,0.74286,4.5535
0.12857,0.74286,4.5194
0.14286,0.74286,4.4863
0.15714,0.74286,4.4547
0.17143,0.74286,4.4257
0.18571,0.74286,4.3999
0.2,0.74286,4.3782
0.21429,0.74286,4.361
0.22857,0.74286,4.3491
0.24286,0.74286,4.3426
0.25714,0.74286,4.3421
0.64286,0.74286,4.2686
0.65714,0.74286,4.1702
0.67143,0.74286,4.0668
0.68571,0.74286,3.9602
0.7,0.74286,3.8521
0.71429,0.74286,3.7442
0.72857,0.74286,3.6384
0.74286,0.74286,3.5368
0.75714,0.74286,3.4411
0.77143,0.74286,3.3531
0.78571,0.74286,3.2748
0.8,0.74286,3.2075
0.81429,0.74286,3.1529
0.82857,0.74286,3.1121
0.84286,0.74286,3.0861
0.85714,0.74286,3.0756
0,0.75714,4.6727
0.014286,0.75714,4.6565
0.028571,0.75714,4.6365
0.042857,0.75714,4.613
0.057143,0.75714,4.5862
0.071429,0.75714,4.5567
0.085714,0.75714,4.525
0.1,0.75714,4.4918
0.11429,0.75714,4.4577
0.12857,0.75714,4.4237
0.14286,0.75714,4.3905
0.15714,0.75714,4.359
0.17143,0.75714,4.33
0.18571,0.75714,4.3042
0.2,0.75714,4.2825
0.21429,0.75714,4.2653
0.22857,0.75714,4.2533
0.24286,0.75714,4.2469
0.25714,0.75714,4.2463
0.64286,0.75714,4.1729
0.65714,0.75714,4.0744
0.67143,0.75714,3.9711
0.68571,0.75714,3.8645
0.7,0.75714,3.7564
0.71429,0.75714,3.6485
0.72857,0.75714,3.5427
0.74286,0.75714,3.4411
0.75714,0.75714,3.3453
0.77143,0.75714,3.2574
0.78571,0.75714,3.1791
0.8,0.75714,3.1118
0.81429,0.75714,3.0572
0.82857,0.75714,3.0164
0.84286,0.75714,2.9904
0.85714,0.75714,2.9799
0,0.77143,4.5848
0.014286,0.77143,4.5686
0.028571,0.77143,4.5486
0.042857,0.77143,4.5251
0.057143,0.77143,4.4983
0.071429,0.77143,4.4688
0.085714,0.77143,4.4371
0.1,0.77143,4.4039
0.11429,0.77143,4.3698
0.12857,0.77143,4.3358
0.14286,0.77143,4.3026
0.15714,0.77143,4.2711
0.17143,0.77143,4.2421
0.18571,0.77143,4.2163
0.2,0.77143,4.1945
0.21429,0.77143,4.1774
0.22857,0.77143,4.1654
0.24286,0.77143,4.159
0.25714,0.77143,4.1584
0.64286,0.77143,4.0849
0.65714,0.77143,3.9865
0.67143,0.77143,3.8832
0.68571,0.77143,3.7766
0.7,0.77143,3.6684
0.71429,0.77143,3.5606
0.72857,0.77143,3.4548
0.74286,0.77143,3.3531
0.75714,0.77143,3.2574
0.77143,0.77143,3.1695
0.78571,0.77143,3.0911
0.8,0.77143,3.0239
0.81429,0.77143,2.9693
0.82857,0.77143,2.9284
0.84286,0.77143,2.9024
0.85714,0.77143,2.892
0,0.78571,4.5064
0.014286,0.78571,4.4902
0.028571,0.78571,4.4702
0.042857,0.78571,4.4467
0.057143,0.78571,4.4199
0.071429,0.78571,4.3904
0.085714,0.78571,4.3587
0.1,0.78571,4.3255
0.11429,0.78571,4.2915
0.12857,0.78571,4.2574
0.14286,0.78571,4.2242
0.15714,0.78571,4.1927
0.17143,0.78571,4.1637
0.18571,0.78571,4.1379
0.2,0.78571,4.1162
0.21429,0.78571,4.099
0.22857,0.78571,4.0871
0.24286,0.78571,4.0806
0.25714,0.78571,4.0801
0.64286,0.78571,4.0066
0.65714,0.78571,3.9081
0.67143,0.78571,3.8048
0.68571,0.78571,3.6982
0.7,0.78571,3.5901
0.71429,0.78571,3.4822
0.72857,0.78571,3.3764
0.74286,0.78571,3.2748
0.75714,0.78571,3.1791
0.77143,0.78571,3.0911
0.78571,0.78571,3.0128
0.8,0.78571,2.9455
0.81429,0.78571,2.8909
0.82857,0.78571,2.8501
0.84286,0.78571,2.8241
0.85714,0.78571,2.8136
0,0.8,4.4392
0.014286,0.8,4.423
0.028571,0.8,4.403
0.042857,0.8,4.3795
0.057143,0.8,4.3527
0.071429,0.8,4.3232
0.085714,0.8,4.2915
0.1,0.8,4.2583
0.11429,0.8,4.2242
0.12857,0.8,4.1902
0.14286,0.8,4.157
0.15714,0.8,4.1255
0.17143,0.8,4.0965
0.18571,0.8,4.0707
0.2,0.8,4.0489
0.21429,0.8,4.0318
0.22857,0.8,4.0198
0.24286,0.8,4.0134
0.25714,0.8,4.0128
0.64286,0.8,3.9393
0.65714,0.8,3.8409
0.67143,0.8,3.7376
0.68571,0.8,3.631
0.7,0.8,3.5228
0.71429,0.8,3.415
0.72857,0.8,3.3092
0.74286,0.8,3.2075
0.75714,0.8,3.1118
0.77143,0.8,3.0239
0.78571,0.8,2.9455
0.8,0.8,2.8783
0.81429,0.8,2.8237
0.82857,0.8,2.7828
0.84286,0.8,2.7568
0.85714,0.8,2.7464
0,0.81429,4.3845
0.014286,0.81429,4.3683
0.028571,0.81429,4.3483
0.042857,0.81429,4.3248
0.057143,0.81429,4.2981
0.071429,0.81429,4.2686
0.085714,0.81429,4.2368
0.1,0.81429,4.2036
0.11429,0.81429,4.1696
0.12857,0.81429,4.1356
0.14286,0.81429,4.1024
0.15714,0.81429,4.0709
0.17143,0.81429,4.0418
0.18571,0.81429,4.0161
0.2,0.81429,3.9943
0.21429,0.81429,3.9772
0.22857,0.81429,3.9652
0.24286,0.81429,3.9588
0.25714,0.81429,3.9582
0.64286,0.81429,3.8847
0.65714,0.81429,3.7863
0.67143,0.81429,3.683
0.68571,0.81429,3.5764
0.7,0.81429,3.4682
0.71429,0.81429,3.3603
0.72857,0.81429,3.2546
0.74286,0.81429,3.1529
0.75714,0.81429,3.0572
0.77143,0.81429,2.9693
0.78571,0.81429,2.8909
0.8,0.81429,2.8237
0.81429,0.81429,2.769
0.82857,0.81429,2.7282
0.84286,0.81429,2.7022
0.85714,0.81429,2.6917
0,0.82857,4.3437
0.014286,0.82857,4.3275
0.028571,0.82857,4.3075
0.042857,0.82857,4.284
0.057143,0.82857,4.2572
0.071429,0.82857,4.2277
0.085714,0.82857,4.196
0.1,0.82857,4.1628
0.11429,0.82857,4.1288
0.12857,0.82857,4.0947
0.14286,0.82857,4.0616
0.15714,0.82857,4.03
0.17143,0.82857,4.001
0.18571,0.82857,3.9752
0.2,0.82857,3.9535
0.21429,0.82857,3.9363
0.22857,0.82857,3.9244
0.24286,0.82857,3.9179
0.25714,0.82857,3.9174
0.64286,0.82857,3.8439
0.65714,0.82857,3.7455
0.67143,0.82857,3.6421
0.68571,0.82857,3.5355
0.7,0.82857,3.4274
0.71429,0.82857,3.3195
0.72857,0.82857,3.2138
0.74286,0.82857,3.1121
0.75714,0.82857,3.0164
0.77143,0.82857,2.9284
0.78571,0.82857,2.8501
0.8,0.82857,2.7828
0.81429,0.82857,2.7282
0.82857,0.82857,2.6874
0.84286,0.82857,2.6614
0.85714,0.82857,2.6509
0,0.84286,4.3177
0.014286,0.84286,4.3015
0.028571,0.84286,4.2815
0.042857,0.84286,4.258
0.057143,0.84286,4.2312
0.071429,0.84286,4.2017
0.085714,0.84286,4.17
0.1,0.84286,4.1368
0.11429,0.84286,4.1028
0.12857,0.84286,4.0687
0.14286,0.84286,4.0355
0.15714,0.84286,4.004
0.17143,0.84286,3.975
0.18571,0.84286,3.9492
0.2,0.84286,3.9275
0.21429,0.84286,3.9103
0.22857,0.84286,3.8983
0.24286,0.84286,3.8919
0.25714,0.84286,3.8914
0.64286,0.84286,3.8179
0.65714,0.84286,3.7194
0.67143,0.84286,3.6161
0.68571,0.84286,3.5095
0.7,0.84286,3.4014
0.71429,0.84286,3.2935
0.72857,0.84286,3.1877
0.74286,0.84286,3.0861
0.75714,0.84286,2.9904
0.77143,0.84286,2.9024
0.78571,0.84286,2.8241
0.8,0.84286,2.7568
0.81429,0.84286,2.7022
0.82857,0.84286,2.6614
0.84286,0.84286,2.6354
0.85714,0.84286,2.6249
0,0.85714,4.3072
0.014286,0.85714,4.291
0.028571,0.85714,4.271
0.042857,0.85714,4.2475
0.057143,0.85714,4.2208
0.071429,0.85714,4.1912
0.085714,0.85714,4.1595
0.1,0.85714,4.1263
0.11429,0.85714,4.0923
0.12857,0.85714,4.0583
0.14286,0.85714,4.0251
0.15714,0.85714,3.9936
0.17143,0.85714,3.9645
0.18571,0.85714,3.9388
0.2,0.85714,3.917
0.21429,0.85714,3.8999
0.22857,0.85714,3.8879
0.24286,0.85714,3.8815
0.25714,0.85714,3.8809
0.64286,0.85714,3.8074
0.65714,0.85714,3.709
0.67143,0.85714,3.6057
0.68571,0.85714,3.4991
0.7,0.85714,3.3909
0.71429,0.85714,3.283
0.72857,0.85714,3.1773
0.74286,0.85714,3.0756
0.75714,0.85714,2.9799
0.77143,0.85714,2.892
0.78571,0.85714,2.8136
0.8,0.85714,2.7464
0.81429,0.85714,2.6917
0.82857,0.85714,2.6509
0.84286,0.85714,2.6249
0.85714,0.85714,2.6144
